,avg,std,min,5th,10th,50th,90th,95th,99th,eig_0,eig_1,eig_2,eig_3,eig_4,eig_5,eig_6,eig_7,joules_sum,desc
0,254.8,100.4,45.3,96.8,117.0,256.2,388.3,407.3,441.9,3.642631984189504,0.22623174347194808,0.11941042417158894,0.011725848166960172,1.6941859658851546,1.556491155579637,0.33718780487108124,0.41213507366412666,39060.885973,0_350_0x1100_135_200k
1,280.1,114.8,45.3,99.7,121.8,281.2,433.4,459.0,488.6,3.5871445110189786,0.2771883301520191,0.12601824636309897,0.009648912465901424,1.694602929862892,1.569328047338925,0.3318458774521328,0.4042231453460496,39027.61986699997,0_400_0x1100_135_200k
2,169.2,58.1,45.3,76.8,89.5,171.1,246.2,261.1,282.5,3.5937174730475165,0.2588318929497692,0.13433806619752842,0.01311256780518822,1.675065024824945,1.5457109261302495,0.3513867408538764,0.4278373081909308,39890.32499399994,0_200_0x1100_135_200k
3,198.3,71.8,45.3,83.5,99.4,200.1,294.0,309.3,333.5,3.6015153562375835,0.25822701665927467,0.12860676898067358,0.011650858122466634,1.6831064163072353,1.5462355500483083,0.34783460346047185,0.42282343018398577,39580.23063999991,0_250_0x1100_135_200k
4,225.9,86.1,45.3,89.1,106.7,228.5,341.5,359.0,391.8,3.587223091125984,0.2559198890294405,0.1444233644344786,0.01243365541009552,1.6861467281819174,1.55361877727049,0.3408869294705328,0.41934756507705917,39406.677160999825,0_300_0x1100_135_200k
5,109.7,30.5,45.3,60.8,68.0,109.8,150.6,156.1,171.4,3.5499056721883973,0.2742914775314198,0.1721135460263318,0.003689304253850393,1.6253486616864716,1.5403781479261003,0.37626235884158954,0.4580108315458386,40936.04665200008,0_100_0x1100_135_200k
6,305.0,113.5,49.8,121.0,151.5,308.4,450.8,479.9,533.4,3.5989717212305545,0.32936678347611786,0.06574387715556665,0.005917618137760528,1.7764656520791462,1.559949321762412,0.2961740964926204,0.3674109296658224,42588.81609300006,0_400_0x1100_135_400k
7,247.5,86.2,45.3,109.1,131.0,248.9,360.4,385.9,432.4,3.547476432464186,0.36940142362514095,0.07262725731778548,0.010494886592890036,1.7126829267989425,1.5956311209239278,0.29743715134500304,0.3942488009321241,43148.073425999886,0_300_0x1100_135_400k
8,266.2,99.7,45.3,105.7,130.8,268.4,396.4,425.3,477.2,3.567853823541986,0.336896074108411,0.09060286574602122,0.0046472366035793565,1.7336736474697816,1.5895945513908503,0.2980710765248737,0.37866072461449374,43224.504779000024,0_350_0x1100_135_400k
9,175.5,57.8,45.3,83.6,97.8,176.7,250.6,268.1,298.6,3.503285555039909,0.48193296795844354,0.014544433940310688,0.00023704306133809635,1.6928345738933857,1.5684887156690894,0.31459726222856915,0.4240794482089552,45033.501137000014,0_200_0x1100_135_400k
10,206.8,72.1,49.8,91.7,109.0,207.6,301.0,322.5,359.9,3.717089541714395,0.2035361341075047,0.07729981297263512,0.0020745112054649946,1.7074469964897738,1.5820860422803817,0.3044528803446676,0.40601408088517477,44247.31910699993,0_250_0x1100_135_400k
11,117.5,31.2,45.3,68.7,76.5,117.5,155.6,166.8,188.0,3.548833105270237,0.2937000407052186,0.15738188558159916,8.496844294365549e-05,1.6630238579061212,1.5304871182017952,0.34284848882484875,0.4636405350672355,45911.141991999975,0_100_0x1100_135_400k
12,142.1,61.2,45.3,78.3,87.9,134.1,191.7,226.3,384.7,3.4112449934277405,0.4569844772045554,0.13176856430803646,1.9650596687614825e-06,1.7116653529408878,1.5175727556892462,0.31158545626323075,0.45917643510663597,50282.50123900005,0_100_0x1100_135_600k
13,290.8,103.4,49.8,125.4,155.3,293.3,418.7,449.6,535.1,3.566010655662864,0.3709717619970818,0.06050016925881138,0.0025174130812429638,1.782947665246136,1.5807230863547777,0.28493480541111404,0.35139444298796807,46968.89126399995,0_350_0x1100_135_600k
14,255.0,91.4,45.3,111.7,135.5,254.9,367.9,400.3,480.2,3.511624484626556,0.41899301663287014,0.0670564426499798,0.002326056090592861,1.7665839424729382,1.5879219358651304,0.28356640782381115,0.36192771383812045,47547.76753900007,0_300_0x1100_135_600k
15,192.1,69.6,45.3,91.4,108.0,189.6,273.4,299.3,392.4,3.4767208085024413,0.42845679059735436,0.09344702080250315,0.0013753800977002332,1.740075107693786,1.5845562525634804,0.2786139546449236,0.3967546850978118,48940.19977700003,0_200_0x1100_135_600k
16,224.4,78.9,45.3,103.2,122.7,223.8,323.1,352.2,430.8,3.4906908477401313,0.42474290177723617,0.08367775021767178,0.0008885002649601917,1.756652381428518,1.5849532707932632,0.2834096776246905,0.3749846701535269,48044.051461000054,0_250_0x1100_135_600k
17,305.8,115.4,45.3,118.2,150.1,307.6,451.6,486.4,571.6,3.5444896956340513,0.3790676536145095,0.07568129858256872,0.0007613521688765968,1.8000064912552936,1.57526641228173,0.28415550107284426,0.34057159539013265,47181.397756999955,0_400_0x1100_135_600k
18,190.7,72.7,41.1,75.9,90.8,191.8,288.3,301.3,330.4,3.5036460105896428,0.2740004120207361,0.1648706205634226,0.05748295682619486,1.6911165420893213,1.5455174195487,0.34455759610977177,0.4188084422522064,49606.70389399995,0_250_0x1700_135_200k
19,272.7,116.7,37.4,90.7,113.2,273.7,428.3,450.1,486.4,3.5155820777749858,0.2933078396269747,0.1448421471914197,0.04626793540662186,1.6940076723961608,1.5393610371200446,0.3379991765541432,0.428632113929648,48449.087190999795,0_400_0x1700_135_200k
20,162.0,58.4,41.1,69.7,81.5,163.0,240.3,250.6,275.4,3.5015243523597372,0.27551584223573716,0.16617427405034982,0.05678553135417648,1.6776919094099723,1.5381027835172982,0.35477744625633567,0.4294278608163921,49975.9715420001,0_200_0x1700_135_200k
21,102.7,30.7,41.1,54.3,60.4,103.0,143.3,152.0,169.2,3.517376449011259,0.2658014605381631,0.1781376174573457,0.0386844729932303,0.3750125464661979,0.45790260053558834,1.6250044532173895,1.542080399780826,51760.172193000006,0_100_0x1700_135_200k
22,218.4,87.0,41.1,81.4,99.5,219.8,334.4,354.5,383.7,3.519641153928335,0.25674909340510166,0.16727201254157148,0.05633774012499325,1.6958575444265236,1.549730422649593,0.3409371020170401,0.413474930906843,49136.62996399998,0_300_0x1700_135_200k
23,248.7,102.1,41.1,88.8,109.5,250.3,384.3,402.6,439.5,3.522299575211949,0.275578520526241,0.15668697440104237,0.04543492986076991,1.7063455464788224,1.5475588221100276,0.33586394254803753,0.4102316888631125,48299.47554099996,0_350_0x1700_135_200k
24,220.6,85.4,37.4,84.1,103.4,222.7,332.7,355.3,392.3,3.4824791183715553,0.39104879935616177,0.10181153755375476,0.024660544718529884,1.7020219357787114,1.5832957678720645,0.31105828279696773,0.40362401355225647,54981.54797200004,0_300_0x1700_135_400k
25,108.1,29.4,37.4,61.2,68.0,108.4,147.6,154.0,169.6,3.607017462245705,0.24791787433482831,0.13908382871481378,0.005980834704653911,1.662205955814219,1.5338030192114922,0.34368709089644256,0.46030393407784764,57941.02793699995,0_100_0x1700_135_400k
26,287.3,120.1,37.4,105.9,131.3,289.1,436.9,466.3,516.7,3.496080340796383,0.3814049698018292,0.09062380883847378,0.03189088056331163,1.721028130859484,1.5849903032566308,0.30773254054872445,0.3862490253351627,52598.80251099999,0_400_0x1700_135_400k
27,256.5,99.3,45.3,98.3,120.7,258.0,387.8,409.5,455.1,3.5188570998647535,0.34248098655364073,0.10554617658449773,0.03311573699711202,1.745024924581341,1.5737982745182475,0.3032908651351447,0.37788593576526736,53423.152363000016,0_350_0x1700_135_400k
28,193.7,71.7,41.1,80.6,97.0,194.4,289.3,303.6,336.2,3.5398458153186896,0.328934996659573,0.1027520665727915,0.0284671214489454,1.6916731459836158,1.5714781694883608,0.3152550523760309,0.42159363215199175,55202.92191300004,0_250_0x1700_135_400k
29,164.4,57.5,37.4,73.3,86.0,164.9,240.8,251.9,281.8,3.5886368858855238,0.2580090338230968,0.1158962179527126,0.03745786233866568,1.6851862379910065,1.564172984339676,0.3197998246355023,0.4308409530338148,56090.012888000114,0_200_0x1700_135_400k
30,252.0,83.7,45.3,116.9,139.4,253.9,360.7,386.3,434.5,3.5115075911049782,0.3760082494774737,0.08260242862266885,0.029881730794881597,1.7403766972445465,1.6137123677768825,0.2840217321092271,0.3618892028693451,58180.51985399994,0_300_0x1700_135_600k
31,170.1,58.4,41.1,77.5,91.8,170.5,246.5,264.8,299.6,3.450292173179551,0.45788954921359565,0.0824699208316089,0.009348356775246616,1.7205800913467408,1.5936596432827792,0.29240183807933645,0.39335842729114623,61963.9171200002,0_200_0x1700_135_600k
32,275.8,97.9,45.3,118.8,144.4,278.3,402.0,431.3,482.9,3.60133172017068,0.3212991398526022,0.06157912838136714,0.015790011595351358,1.7398151860516444,1.6003321178529253,0.2960360026867488,0.3638166934086827,58459.86301000012,0_350_0x1700_135_600k
33,305.5,109.9,41.1,126.8,157.6,308.0,446.3,478.6,535.0,3.513155080762394,0.3814035431480756,0.0832987410873767,0.02214263500215303,1.8228126416907384,1.5587419669590161,0.28520863881841946,0.3332367525318266,58166.26519100004,0_400_0x1700_135_600k
34,208.1,72.9,41.1,92.1,111.2,208.0,302.9,326.4,367.4,3.4541666427211024,0.41068856803969284,0.10046983925991482,0.03467494997929155,1.7212196182205137,1.6143352458461093,0.2877652822380066,0.37667985369536844,59659.23769000004,0_250_0x1700_135_600k
35,113.8,31.9,41.1,65.2,73.4,113.1,153.2,164.1,188.5,3.3942277724339016,0.46227863800823055,0.1432972817105576,0.00019630784730984458,1.6844240702804272,1.5387183114241771,0.3227130815179149,0.45414453677748134,64354.26531599989,0_100_0x1700_135_600k
