,avg,std,min,5th,10th,50th,90th,95th,99th,eig_0,eig_1,eig_2,eig_3,eig_4,eig_5,eig_6,eig_7,joules_sum,desc
0,81.8,17.0,45.3,58.8,61.6,79.8,104.5,112.7,130.8,3.4927765517878826,0.19934651928414587,0.307876909665457,1.9262515274520353e-08,1.8746813805079485,1.2063671740858208,0.3884551199825236,0.530496325423706,35745.28953299998,0_40_0xd00_135_200k
1,179.3,57.8,45.3,86.6,100.6,180.9,256.3,270.5,297.3,3.6082208374523055,0.25820215592718077,0.13316736186562658,0.0004096447548910696,1.6707894915354748,1.5405957962132035,0.35474306430892033,0.4338716479424015,34341.416562000035,0_200_0xd00_135_200k
2,74.0,14.6,49.8,57.1,59.7,71.1,92.8,102.1,124.4,3.5244567198573122,0.190144862609223,0.2853983903948406,2.7138623820979955e-08,2.1619593924348397,0.9723113494839292,0.3084264931139958,0.5573027649672336,35966.11422999994,0_20_0xd00_135_200k
3,292.5,113.5,49.8,111.7,135.7,294.9,442.9,471.3,515.1,3.5930397243671637,0.28540973552993454,0.12120146105058884,0.0003490790523138321,1.696882989423399,1.5740218783866613,0.3275396699968895,0.40155546219305127,33724.28090399999,0_400_0xd00_135_200k
4,71.3,17.4,41.1,55.1,56.2,66.2,93.0,104.9,134.4,3.59961849879766,0.24531460855020587,0.15506680317225877,8.947987534824206e-08,2.0695994287731985,1.0610653982418004,0.3477738868240674,0.5215612861609341,36046.76196400005,0_2_0xd00_135_200k
5,76.9,15.5,41.1,57.5,60.4,74.8,96.6,105.4,126.9,3.520107827018549,0.19207673728408645,0.28781540602223565,2.9675132935692953e-08,2.016151353674511,1.0821844088272776,0.36450351949823084,0.5371607179999797,35869.15314400006,0_30_0xd00_135_200k
6,261.9,99.3,49.8,104.4,125.4,263.9,393.9,417.7,449.1,3.9135002088719553,0.07772698823481299,0.00875693607542169,1.586681781125223e-05,1.6903501582103873,1.5680686911443076,0.3325054416398188,0.40907570900548756,34207.359545999956,0_350_0xd00_135_200k
7,87.9,19.3,45.3,60.9,63.5,86.5,113.4,120.7,140.1,3.512326887034626,0.19259900986381404,0.295074040631606,6.24699547562253e-08,1.7837514282280336,1.31011857721894,0.39373659255461185,0.5123934019984159,35496.66981999989,0_50_0xd00_135_200k
8,72.4,14.7,45.3,56.4,58.3,68.4,91.1,101.7,125.3,3.9987940824583803,0.0007471233993568279,0.0004587940799130613,6.235089717458759e-11,2.2756983513376774,0.914970371312381,0.5520199801598387,0.2573112971901026,36553.16609099985,0_10_0xd00_135_200k
9,117.1,31.0,49.8,67.1,74.9,117.1,157.6,167.5,185.0,3.540735403291909,0.2905554291535991,0.16866306562582573,4.610192866839849e-05,1.626920433151135,1.5344901205832409,0.37380259405780364,0.4647868522078212,34939.679369000085,0_100_0xd00_135_200k
10,208.2,71.6,54.8,94.3,110.5,208.9,303.0,322.5,354.3,3.618875504895688,0.25666239567778987,0.1240177651988886,0.00044433422763327665,1.681455048287635,1.547266975402577,0.34589037323138855,0.4253876030783993,34107.859213000156,0_250_0xd00_135_200k
11,237.6,85.6,49.8,101.1,119.6,240.1,351.6,367.0,401.8,3.573198328999017,0.29014055424823115,0.1362640758912244,0.0003970408615281191,1.6898347676346996,1.5620234600518537,0.3357829224781323,0.412358849835314,34050.92852300004,0_300_0xd00_135_200k
12,256.1,89.6,49.8,113.4,137.1,256.5,369.7,399.5,466.9,3.630543386252234,0.288467848676687,0.08090232599458562,8.64390764928821e-05,1.7368022234882488,1.5900748962594535,0.2889390184236371,0.3841838618286619,37753.34609300003,0_300_0xd00_135_400k
13,132.6,138.8,45.3,61.5,65.0,96.2,207.3,309.2,775.4,3.3086290487239918,0.4329462732333154,0.25842463715928615,4.088340842054948e-08,2.1386999263227433,0.9874819270942637,0.3033584358641469,0.5704597107188468,40648.22931500002,0_10_0xd00_135_400k
14,139.8,46.5,45.3,81.1,90.7,136.4,186.4,207.1,285.6,3.3313218041565333,0.46913515653126525,0.1995428711328562,1.681793456867654e-07,1.6718018073956218,1.5188193936186312,0.3367217842692942,0.4726570147164535,39215.126425000024,0_100_0xd00_135_400k
15,302.2,115.2,45.3,117.9,147.0,303.0,447.9,483.1,563.4,3.494643133549771,0.4017216392332364,0.1035985948888634,3.6632328132882564e-05,1.740803114819852,1.593679500427694,0.29442795434975283,0.3710894304026997,37394.88526599988,0_400_0xd00_135_400k
16,160.4,235.6,45.3,57.5,61.4,100.0,251.4,456.4,1270.9,3.3247357340204564,0.4268151638428479,0.24844909294705508,9.18964091575695e-09,1.9829718044138902,1.1375532701611757,0.3409535146738852,0.5385214107510495,40716.0302050001,0_2_0xd00_135_400k
17,221.8,77.4,45.3,103.5,121.5,221.6,319.3,343.0,401.3,3.1861131857749427,0.7577426211372216,0.056130316863648694,1.387622418777259e-05,1.717362990212818,1.5922846623788696,0.29327515169974,0.39707719570857164,38249.420906999876,0_250_0xd00_135_400k
18,193.9,63.5,49.8,97.4,111.9,193.3,272.1,293.8,355.0,3.4545169508636655,0.4012541717898283,0.14422296401279036,5.913333714202616e-06,1.7067099379710549,1.5660262194359578,0.30297612236118593,0.4242877202318013,38266.06536700008,0_200_0xd00_135_400k
19,125.1,106.5,45.3,63.8,68.5,97.3,189.1,264.7,622.1,3.303840838513614,0.4339937060967954,0.2621654320308378,2.335875271712958e-08,1.9173428202620166,1.1426357261776439,0.3462227366970975,0.5937987168632424,40617.88340100006,0_20_0xd00_135_400k
20,116.4,52.8,45.3,69.8,76.4,106.6,157.3,188.9,331.8,3.320584925016946,0.4570791441930371,0.22233589180568578,3.8984330479677894e-08,1.6593837531970288,1.4765153667092057,0.3512289389923232,0.5128719411014429,39914.12066700011,0_50_0xd00_135_400k
21,117.3,69.4,45.3,67.5,73.7,102.7,164.4,205.5,412.4,3.627615526041102,0.28257691370231225,0.08980754002313147,2.0233452248509992e-08,1.6866618038796106,1.4238172690898951,0.3558433892555608,0.533677537774935,40380.562108,0_40_0xd00_135_400k
22,116.6,77.9,45.3,64.7,70.5,97.8,168.6,221.6,471.1,3.3138562590153957,0.4436850398770578,0.2424586855874765,1.5520071542142282e-08,1.7595179877612637,1.3188722934817505,0.3565852225389246,0.5650244962180613,40370.52260600022,0_30_0xd00_135_400k
23,294.7,101.4,54.8,132.7,159.9,296.2,424.9,454.5,522.3,3.594888016945731,0.33532844416120733,0.06961680396318592,0.00016673492987313735,1.742156989935958,1.5920119723415613,0.29095678237504613,0.37487425534743446,37007.07001900003,0_350_0xd00_135_400k
24,311.5,495.7,49.8,82.4,93.3,159.3,610.0,1154.6,2707.7,3.9020893089055386,0.09293215549189947,0.004978527079790164,8.522771211845638e-09,1.6718840238818338,1.4609124435121403,0.33762001261666236,0.5295835199893647,42432.807739,0_50_0xd00_135_600k
25,276.2,360.5,49.8,98.0,111.4,176.1,459.4,867.8,1981.6,3.317270730361858,0.5457142852877643,0.13701493863899566,4.571137983231873e-08,1.7700658780866185,1.455475992002707,0.29834546141323687,0.47611266849743766,41536.62440899994,0_100_0xd00_135_600k
26,1228.8,1358.9,49.8,153.4,232.1,831.2,2608.1,3911.3,7055.5,2.8156334719539267,0.8555368458341297,0.3288296345427367,4.766920494950801e-08,1.9359847425374848,1.1867251501149938,0.3399541345507338,0.5373359727967855,42506.34580099999,0_2_0xd00_135_600k
27,297.5,288.3,49.8,113.2,134.2,232.7,449.5,712.6,1672.0,3.415507417422333,0.4649947862913202,0.11949760607614617,1.9021020307247325e-07,1.8499734997772372,1.491282999794892,0.25797103906754204,0.4007724613603275,40910.06394599994,0_200_0xd00_135_600k
28,566.1,874.5,49.8,82.8,98.7,279.9,1268.3,2229.1,4566.4,2.9574703752519476,0.7629708247604221,0.2795587463265311,5.366109755491372e-08,1.7418259591727048,1.2996656436942322,0.3447407382335992,0.6137676588994624,42517.58620999986,0_20_0xd00_135_600k
29,324.4,232.8,49.8,124.2,152.9,284.9,476.4,656.1,1363.9,3.4508317479729604,0.4418991304256277,0.10726447687619985,4.644725210961922e-06,1.8903356986086648,1.4920254256776597,0.25971820662607475,0.35792066908760467,40541.52256400005,0_300_0xd00_135_600k
30,757.1,1027.2,49.8,91.2,122.0,439.1,1645.5,2675.6,5559.8,2.8586799874667226,0.8296623422586735,0.3116576564985643,1.3776039914761817e-08,2.0071702803181903,1.0789163573228338,0.3261608400605316,0.5877525222984475,42516.535058000096,0_10_0xd00_135_600k
31,434.5,718.3,49.8,80.2,91.2,203.4,937.6,1719.4,3958.1,3.0704429553106354,0.6926460908329934,0.23691088884206518,6.501430605268622e-08,1.663934028181809,1.4222449507747437,0.3426879030616105,0.5711331179818412,42289.685696000066,0_30_0xd00_135_600k
32,349.7,211.8,45.3,136.8,169.6,319.4,507.1,656.6,1262.1,3.4980917034374945,0.4112733506155396,0.09062838327047759,6.562676488888028e-06,1.91965007657481,1.4787625678484189,0.25710555683774805,0.3444817987390261,40307.26383700001,0_350_0xd00_135_600k
33,312.4,260.2,49.8,121.0,146.1,260.2,459.3,689.8,1550.8,3.434905392401647,0.4470286339267503,0.11806368264424583,2.291027356372471e-06,1.8651670056118148,1.4987099393211907,0.2594847672001955,0.37663828786680037,40657.79265099991,0_250_0xd00_135_600k
34,367.1,616.4,45.3,81.1,91.6,176.4,748.2,1433.3,3269.9,3.9313936635992075,0.06430987703152077,0.004296453763854944,5.605419489215121e-09,1.6612577295765596,1.4612522190922803,0.3396929998700269,0.5377970514611331,42551.03732899997,0_40_0xd00_135_600k
35,374.1,217.0,45.3,142.4,179.8,347.2,542.0,686.4,1287.4,3.497197649496986,0.4207703778001148,0.08202046147954906,1.1511223349727173e-05,1.9524437715530836,1.4650555978476862,0.25423131089669065,0.3282693197025384,40144.643265999955,0_400_0xd00_135_600k
36,254.8,100.4,45.3,96.8,117.0,256.2,388.3,407.3,441.9,3.642631984189504,0.22623174347194808,0.11941042417158894,0.011725848166960172,1.6941859658851546,1.556491155579637,0.33718780487108124,0.41213507366412666,39060.885973,0_350_0x1100_135_200k
37,61.7,8.9,45.3,51.2,52.8,59.4,73.6,79.2,93.2,3.58586870119089,0.15932667263539022,0.2548046073606091,1.8813111677156542e-08,2.2860415879687195,0.9059059542387153,0.5615980582091246,0.24645439958343826,42388.78263600003,0_10_0x1100_135_200k
38,280.1,114.8,45.3,99.7,121.8,281.2,433.4,459.0,488.6,3.5871445110189786,0.2771883301520191,0.12601824636309897,0.009648912465901424,1.694602929862892,1.569328047338925,0.3318458774521328,0.4042231453460496,39027.61986699997,0_400_0x1100_135_200k
39,169.2,58.1,45.3,76.8,89.5,171.1,246.2,261.1,282.5,3.5937174730475165,0.2588318929497692,0.13433806619752842,0.01311256780518822,1.675065024824945,1.5457109261302495,0.3513867408538764,0.4278373081909308,39890.32499399994,0_200_0x1100_135_200k
40,58.4,10.0,41.1,47.8,50.0,55.6,71.5,78.1,94.9,3.63241388700133,0.22148337262592704,0.14609680031557715,5.94005716669317e-06,2.09236283315024,1.0371493888588865,0.342655076311561,0.5278327016793126,42395.0081129999,0_2_0x1100_135_200k
41,72.3,14.1,41.1,53.1,55.5,70.9,92.1,96.6,108.6,3.5335452897101796,0.18364836546230542,0.2828061857947169,1.5903279730939554e-07,1.881665074285329,1.2019969428405044,0.3924422752427923,0.523895707631375,41907.303169999796,0_40_0x1100_135_200k
42,62.7,9.4,41.1,51.1,52.6,60.6,75.7,79.9,94.0,3.5726609118081596,0.17133774222331402,0.25600112006719417,2.2590133261706273e-07,2.1651457152582774,0.9694142721933138,0.3103491324945783,0.5550908800538323,42273.382470000084,0_20_0x1100_135_200k
43,66.9,11.5,41.1,51.8,54.1,64.8,82.3,87.4,101.3,3.990775910239809,0.006833205343104526,0.002390871873847671,1.2543243702825474e-08,1.989341908821492,1.101227175591536,0.37285070261557246,0.5365802129713988,42644.89845599991,0_30_0x1100_135_200k
44,77.8,16.8,41.1,54.5,56.5,76.9,101.6,105.7,116.1,3.587656300851028,0.16885997899023708,0.24346067665186596,2.3043506869908e-05,1.7711864395152295,1.3061460780412373,0.403582230138418,0.5190852523051135,41386.97384099978,0_50_0x1100_135_200k
45,198.3,71.8,45.3,83.5,99.4,200.1,294.0,309.3,333.5,3.6015153562375835,0.25822701665927467,0.12860676898067358,0.011650858122466634,1.6831064163072353,1.5462355500483083,0.34783460346047185,0.42282343018398577,39580.23063999991,0_250_0x1100_135_200k
46,225.9,86.1,45.3,89.1,106.7,228.5,341.5,359.0,391.8,3.587223091125984,0.2559198890294405,0.1444233644344786,0.01243365541009552,1.6861467281819174,1.55361877727049,0.3408869294705328,0.41934756507705917,39406.677160999825,0_300_0x1100_135_200k
47,109.7,30.5,45.3,60.8,68.0,109.8,150.6,156.1,171.4,3.5499056721883973,0.2742914775314198,0.1721135460263318,0.003689304253850393,1.6253486616864716,1.5403781479261003,0.37626235884158954,0.4580108315458386,40936.04665200008,0_100_0x1100_135_200k
48,305.0,113.5,49.8,121.0,151.5,308.4,450.8,479.9,533.4,3.5989717212305545,0.32936678347611786,0.06574387715556665,0.005917618137760528,1.7764656520791462,1.559949321762412,0.2961740964926204,0.3674109296658224,42588.81609300006,0_400_0x1100_135_400k
49,247.5,86.2,45.3,109.1,131.0,248.9,360.4,385.9,432.4,3.547476432464186,0.36940142362514095,0.07262725731778548,0.010494886592890036,1.7126829267989425,1.5956311209239278,0.29743715134500304,0.3942488009321241,43148.073425999886,0_300_0x1100_135_400k
50,88.8,21.0,41.1,58.6,63.4,87.6,113.6,122.6,151.2,3.858054340890725,0.12245904441432412,0.019486566081427,4.8613524433431995e-08,1.666402279054582,1.477075579788209,0.3551715616691782,0.5013505794880325,47473.16112300003,0_50_0x1100_135_400k
51,84.3,21.7,41.1,56.9,61.0,81.9,107.2,117.9,152.1,3.274535383486801,0.47130640947712027,0.2541570426658598,1.1643702149674941e-06,1.6980231026154335,1.42578621812447,0.3591894010502863,0.5170012782098101,47781.445607000176,0_40_0x1100_135_400k
52,266.2,99.7,45.3,105.7,130.8,268.4,396.4,425.3,477.2,3.567853823541986,0.336896074108411,0.09060286574602122,0.0046472366035793565,1.7336736474697816,1.5895945513908503,0.2980710765248737,0.37866072461449374,43224.504779000024,0_350_0x1100_135_400k
53,175.5,57.8,45.3,83.6,97.8,176.7,250.6,268.1,298.6,3.503285555039909,0.48193296795844354,0.014544433940310688,0.00023704306133809635,1.6928345738933857,1.5684887156690894,0.31459726222856915,0.4240794482089552,45033.501137000014,0_200_0x1100_135_400k
54,206.8,72.1,49.8,91.7,109.0,207.6,301.0,322.5,359.9,3.717089541714395,0.2035361341075047,0.07729981297263512,0.0020745112054649946,1.7074469964897738,1.5820860422803817,0.3044528803446676,0.40601408088517477,44247.31910699993,0_250_0x1100_135_400k
55,75.6,33.4,41.1,50.4,52.1,66.8,106.0,127.1,209.1,3.337791548193124,0.4351368772823174,0.22707070274791047,8.717766486291859e-07,2.0191435993776863,1.105803515750793,0.3391496464169003,0.5359032384546243,48819.60936500001,0_2_0x1100_135_400k
56,77.7,28.9,41.1,54.5,56.1,70.3,106.5,126.6,190.3,3.229689534808571,0.4716414720840857,0.298668783956047,2.0915129569012052e-07,2.149558881578584,0.9780154879882323,0.30172684358357327,0.5706987868496113,48934.33914099989,0_10_0x1100_135_400k
57,79.9,21.6,41.1,55.8,58.8,76.7,103.4,115.3,153.7,3.2727734650509737,0.45035135167787477,0.2768746938095875,4.894615620643305e-07,1.7737939358746444,1.3190490144566989,0.3644880495306561,0.5426690001379997,48149.37015700014,0_30_0x1100_135_400k
58,117.5,31.2,45.3,68.7,76.5,117.5,155.6,166.8,188.0,3.548833105270237,0.2937000407052186,0.15738188558159916,8.496844294365549e-05,1.6630238579061212,1.5304871182017952,0.34284848882484875,0.4636405350672355,45911.141991999975,0_100_0x1100_135_400k
59,78.7,24.7,41.1,55.6,57.9,73.5,104.0,118.8,172.0,3.26550925459292,0.46205592271433465,0.2724348019868918,2.0705855603258768e-08,1.9373905742307147,1.1405703041484345,0.3501944829274174,0.571844638693435,48661.72916499985,0_20_0x1100_135_400k
60,126.8,107.7,41.1,64.3,70.8,100.1,185.5,272.1,635.8,3.317612688915927,0.4826246710068562,0.19976180618786352,8.338893551504741e-07,1.6557448225982951,1.4850750548375595,0.34453037940562964,0.5146497431585131,51701.443894,0_40_0x1100_135_600k
61,142.1,61.2,45.3,78.3,87.9,134.1,191.7,226.3,384.7,3.4112449934277405,0.4569844772045554,0.13176856430803646,1.9650596687614825e-06,1.7116653529408878,1.5175727556892462,0.31158545626323075,0.45917643510663597,50282.50123900005,0_100_0x1100_135_600k
62,290.8,103.4,49.8,125.4,155.3,293.3,418.7,449.6,535.1,3.566010655662864,0.3709717619970818,0.06050016925881138,0.0025174130812429638,1.782947665246136,1.5807230863547777,0.28493480541111404,0.35139444298796807,46968.89126399995,0_350_0x1100_135_600k
63,255.0,91.4,45.3,111.7,135.5,254.9,367.9,400.3,480.2,3.511624484626556,0.41899301663287014,0.0670564426499798,0.002326056090592861,1.7665839424729382,1.5879219358651304,0.28356640782381115,0.36192771383812045,47547.76753900007,0_300_0x1100_135_600k
64,134.2,141.2,41.1,62.1,68.1,97.0,205.1,331.7,795.3,3.9824994704001218,0.013202361513610598,0.004298087757765275,8.032849971263602e-08,1.6691109451529667,1.4387841788180953,0.34885851323957506,0.5432463627893642,52341.02242799991,0_30_0x1100_135_600k
65,192.1,69.6,45.3,91.4,108.0,189.6,273.4,299.3,392.4,3.4767208085024413,0.42845679059735436,0.09344702080250315,0.0013753800977002332,1.740075107693786,1.5845562525634804,0.2786139546449236,0.3967546850978118,48940.19977700003,0_200_0x1100_135_600k
66,124.0,86.0,41.1,67.4,74.5,104.5,175.5,239.8,523.2,3.3491699641217973,0.47724917044385523,0.17358081229992733,5.313441824299114e-08,0.34013453686175654,1.6623236130843628,1.4908051422820254,0.506736707771856,51350.231513999985,0_50_0x1100_135_600k
67,224.4,78.9,45.3,103.2,122.7,223.8,323.1,352.2,430.8,3.4906908477401313,0.42474290177723617,0.08367775021767178,0.0008885002649601917,1.756652381428518,1.5849532707932632,0.2834096776246905,0.3749846701535269,48044.051461000054,0_250_0x1100_135_600k
68,147.6,189.0,41.1,59.6,64.1,95.1,241.1,424.0,1054.2,3.2678832332619874,0.49394069929015194,0.23817580709326455,2.603545953638181e-07,1.747176312965617,1.3087857475989977,0.3517141618134973,0.59232377762189,52348.05920499994,0_20_0x1100_135_600k
69,184.8,275.4,41.1,58.6,63.1,104.7,333.2,610.1,1485.6,3.193928894815009,0.5245924828616655,0.2814786093199452,1.3003379960564438e-08,2.0079730569845076,1.0631790781531572,0.3280053092997897,0.6008425555625461,52666.53941200003,0_10_0x1100_135_600k
70,245.5,441.1,41.1,55.7,60.9,117.1,467.9,935.4,2397.3,3.2156866304450054,0.5246804883565336,0.2596324509360449,4.302624148056147e-07,1.9545816308844188,1.1566428440500645,0.3384915164677485,0.5502840085977688,52679.300368,0_2_0x1100_135_600k
71,305.8,115.4,45.3,118.2,150.1,307.6,451.6,486.4,571.6,3.5444896956340513,0.3790676536145095,0.07568129858256872,0.0007613521688765968,1.8000064912552936,1.57526641228173,0.28415550107284426,0.34057159539013265,47181.397756999955,0_400_0x1100_135_600k
72,50.3,6.3,37.4,42.2,43.3,49.0,58.9,62.8,72.6,3.6629649520677234,0.13743957489948905,0.19959531934406813,1.5368871973290633e-07,2.1203212655156123,1.0248219209103737,0.33494883958108185,0.5199079739929324,54224.42823299997,0_2_0x1700_135_200k
73,53.9,5.9,37.4,46.3,47.5,53.1,61.6,65.4,74.6,3.6067301597606862,0.245763430180143,0.14750635492082106,5.513835046732673e-08,2.318847353121302,0.8967162383886916,0.5539567638058742,0.23047964468413015,53942.89566499999,0_10_0x1700_135_200k
74,190.7,72.7,41.1,75.9,90.8,191.8,288.3,301.3,330.4,3.5036460105896428,0.2740004120207361,0.1648706205634226,0.05748295682619486,1.6911165420893213,1.5455174195487,0.34455759610977177,0.4188084422522064,49606.70389399995,0_250_0x1700_135_200k
75,272.7,116.7,37.4,90.7,113.2,273.7,428.3,450.1,486.4,3.5155820777749858,0.2933078396269747,0.1448421471914197,0.04626793540662186,1.6940076723961608,1.5393610371200446,0.3379991765541432,0.428632113929648,48449.087190999795,0_400_0x1700_135_200k
76,55.9,7.0,37.4,46.5,48.0,54.5,65.5,69.9,78.1,3.9820848271052807,0.010792611591003231,0.007122290006296348,2.7129742027131213e-07,2.15425526662399,0.9757471050679578,0.32076798809943646,0.5492296402086123,54162.07415500016,0_20_0x1700_135_200k
77,59.5,9.9,34.0,46.5,48.1,57.5,74.4,78.1,85.7,3.5522672078012456,0.264315128274409,0.1834147224546612,2.941469683763348e-06,2.0001519777288994,1.0879019636638294,0.37159636512281313,0.5403496934844587,53631.841658999976,0_30_0x1700_135_200k
78,162.0,58.4,41.1,69.7,81.5,163.0,240.3,250.6,275.4,3.5015243523597372,0.27551584223573716,0.16617427405034982,0.05678553135417648,1.6776919094099723,1.5381027835172982,0.35477744625633567,0.4294278608163921,49975.9715420001,0_200_0x1700_135_200k
79,70.8,16.2,37.4,48.7,51.0,69.4,93.9,97.9,106.1,3.5514183546513807,0.27115579754359104,0.17536009895152047,0.002065748853510912,1.7769470832252656,1.3205847203237473,0.4034460400343391,0.4990221564166477,52931.59783200003,0_50_0x1700_135_200k
80,102.7,30.7,41.1,54.3,60.4,103.0,143.3,152.0,169.2,3.517376449011259,0.2658014605381631,0.1781376174573457,0.0386844729932303,0.3750125464661979,0.45790260053558834,1.6250044532173895,1.542080399780826,51760.172193000006,0_100_0x1700_135_200k
81,218.4,87.0,41.1,81.4,99.5,219.8,334.4,354.5,383.7,3.519641153928335,0.25674909340510166,0.16727201254157148,0.05633774012499325,1.6958575444265236,1.549730422649593,0.3409371020170401,0.413474930906843,49136.62996399998,0_300_0x1700_135_200k
82,64.4,13.0,37.4,46.8,48.7,62.3,83.3,87.0,95.6,3.5327095095581464,0.28061934961364815,0.18665768647229364,1.3454355911255588e-05,1.8862222774726503,1.2057714590779298,0.39503434666886683,0.5129719167805549,53305.51642500001,0_40_0x1700_135_200k
83,248.7,102.1,41.1,88.8,109.5,250.3,384.3,402.6,439.5,3.522299575211949,0.275578520526241,0.15668697440104237,0.04543492986076991,1.7063455464788224,1.5475588221100276,0.33586394254803753,0.4102316888631125,48299.47554099996,0_350_0x1700_135_200k
84,71.7,14.1,37.4,50.6,53.5,71.7,89.3,95.1,106.5,3.4492510361117716,0.2171658787393131,0.33358072000012146,2.3651487940838073e-06,1.7144440769030886,1.4180284151676095,0.36291538057343736,0.5046121273558627,60604.80942600005,0_40_0x1700_135_400k
85,55.4,11.9,37.4,43.0,45.0,52.8,69.5,77.4,97.0,3.416430857105079,0.20388795436518134,0.37968037771839336,8.108113421487432e-07,2.048038966123407,1.080987187251502,0.3364003554075757,0.5345734912175134,62843.401821999956,0_2_0x1700_135_400k
86,57.7,10.4,37.4,46.4,47.8,55.6,70.4,77.1,95.9,3.8324130162597716,0.10607525486455623,0.06151100106353877,7.27812135020895e-07,2.171124234281777,0.9680641108891558,0.29544052043094965,0.5653711343981209,62713.2101929998,0_10_0x1700_135_400k
87,220.6,85.4,37.4,84.1,103.4,222.7,332.7,355.3,392.3,3.4824791183715553,0.39104879935616177,0.10181153755375476,0.024660544718529884,1.7020219357787114,1.5832957678720645,0.31105828279696773,0.40362401355225647,54981.54797200004,0_300_0x1700_135_400k
88,60.8,10.9,37.4,47.4,49.9,59.0,74.4,79.7,98.0,3.9402523993863587,0.04466806431083879,0.015079320793982965,2.1550882250415726e-07,1.9559288285327665,1.1375854193825905,0.3557779701436178,0.5507077819410239,62321.389137,0_20_0x1700_135_400k
89,108.1,29.4,37.4,61.2,68.0,108.4,147.6,154.0,169.6,3.607017462245705,0.24791787433482831,0.13908382871481378,0.005980834704653911,1.662205955814219,1.5338030192114922,0.34368709089644256,0.46030393407784764,57941.02793699995,0_100_0x1700_135_400k
90,287.3,120.1,37.4,105.9,131.3,289.1,436.9,466.3,516.7,3.496080340796383,0.3814049698018292,0.09062380883847378,0.03189088056331163,1.721028130859484,1.5849903032566308,0.30773254054872445,0.3862490253351627,52598.80251099999,0_400_0x1700_135_400k
91,256.5,99.3,45.3,98.3,120.7,258.0,387.8,409.5,455.1,3.5188570998647535,0.34248098655364073,0.10554617658449773,0.03311573699711202,1.745024924581341,1.5737982745182475,0.3032908651351447,0.37788593576526736,53423.152363000016,0_350_0x1700_135_400k
92,76.7,16.1,37.4,51.4,55.1,76.7,97.5,103.5,114.6,3.5455937639838515,0.17466087389322915,0.2797365881340102,8.77398891156865e-06,1.6724567907018293,1.4851485818324919,0.3564804874142977,0.4859141400513816,59625.505055999965,0_50_0x1700_135_400k
93,193.7,71.7,41.1,80.6,97.0,194.4,289.3,303.6,336.2,3.5398458153186896,0.328934996659573,0.1027520665727915,0.0284671214489454,1.6916731459836158,1.5714781694883608,0.3152550523760309,0.42159363215199175,55202.92191300004,0_250_0x1700_135_400k
94,164.4,57.5,37.4,73.3,86.0,164.9,240.8,251.9,281.8,3.5886368858855238,0.2580090338230968,0.1158962179527126,0.03745786233866568,1.6851862379910065,1.564172984339676,0.3197998246355023,0.4308409530338148,56090.012888000114,0_200_0x1700_135_400k
95,65.9,12.4,37.4,49.4,51.4,64.8,80.2,86.4,102.4,3.797252298383827,0.0881113140768586,0.11458721551830285,4.9172021011276835e-05,1.785610582240573,1.3185471680918484,0.3675662491696432,0.5282760004979333,61384.611283000006,0_30_0x1700_135_400k
96,252.0,83.7,45.3,116.9,139.4,253.9,360.7,386.3,434.5,3.5115075911049782,0.3760082494774737,0.08260242862266885,0.029881730794881597,1.7403766972445465,1.6137123677768825,0.2840217321092271,0.3618892028693451,58180.51985399994,0_300_0x1700_135_600k
97,170.1,58.4,41.1,77.5,91.8,170.5,246.5,264.8,299.6,3.450292173179551,0.45788954921359565,0.0824699208316089,0.009348356775246616,1.7205800913467408,1.5936596432827792,0.29240183807933645,0.39335842729114623,61963.9171200002,0_200_0x1700_135_600k
98,275.8,97.9,45.3,118.8,144.4,278.3,402.0,431.3,482.9,3.60133172017068,0.3212991398526022,0.06157912838136714,0.015790011595351358,1.7398151860516444,1.6003321178529253,0.2960360026867488,0.3638166934086827,58459.86301000012,0_350_0x1700_135_600k
99,305.5,109.9,41.1,126.8,157.6,308.0,446.3,478.6,535.0,3.513155080762394,0.3814035431480756,0.0832987410873767,0.02214263500215303,1.8228126416907384,1.5587419669590161,0.28520863881841946,0.3332367525318266,58166.26519100004,0_400_0x1700_135_600k
100,81.7,60.4,34.0,47.3,50.0,66.1,119.4,156.1,344.5,3.271634626809148,0.45777833899461273,0.27058701444697464,1.974926547144406e-08,1.991730453373199,1.1271730644300584,0.3352003505778031,0.545896131618937,70336.14625800005,0_2_0x1700_135_600k
101,75.6,35.6,37.4,50.2,52.1,65.8,106.4,129.7,223.6,3.2734235762485984,0.46215765220025656,0.2644187382863825,3.326475925544792e-08,2.017400681947713,1.0589568070657793,0.32978120890528206,0.5938613020812288,69998.84169500016,0_10_0x1700_135_600k
102,208.1,72.9,41.1,92.1,111.2,208.0,302.9,326.4,367.4,3.4541666427211024,0.41068856803969284,0.10046983925991482,0.03467494997929155,1.7212196182205137,1.6143352458461093,0.2877652822380066,0.37667985369536844,59659.23769000004,0_250_0x1700_135_600k
103,74.6,25.7,37.4,51.4,54.6,69.1,98.9,115.3,178.6,3.7859009492160385,0.1893021190086682,0.024796661321651942,2.7045364389718574e-07,1.777239142862306,1.3067217306415644,0.35580820978456396,0.5602309167115664,69235.07198000001,0_20_0x1700_135_600k
104,113.8,31.9,41.1,65.2,73.4,113.1,153.2,164.1,188.5,3.3942277724339016,0.46227863800823055,0.1432972817105576,0.00019630784730984458,1.6844240702804272,1.5387183114241771,0.3227130815179149,0.45414453677748134,64354.26531599989,0_100_0x1700_135_600k
105,81.2,23.2,37.4,54.8,58.5,78.7,103.6,114.5,159.1,3.3033052838910675,0.4972079179004178,0.19907818572194483,0.0004086124865694239,1.6559171959410068,1.4920737010706895,0.3485736114781274,0.5034354915101743,67555.02803600006,0_40_0x1700_135_600k
106,86.5,22.2,41.1,56.7,61.6,84.9,110.8,119.5,154.2,3.3237474813686005,0.49089556750079166,0.18535437840608682,2.572724519681044e-06,0.34418997286237196,0.4890825619162417,1.6558036827984426,1.5109237824229436,66584.37956600005,0_50_0x1700_135_600k
107,76.5,22.3,37.4,52.3,55.9,73.4,98.8,111.9,156.0,3.768639288182235,0.2001613328802684,0.031198872241564035,5.066959310907353e-07,1.6799896054727377,1.449737327803979,0.3519947172691492,0.5182783494541362,68360.3606499999,0_30_0x1700_135_600k
108,266.4,116.5,41.1,82.5,105.5,268.4,423.3,442.7,482.4,3.5797657478919027,0.05396340551277724,0.2223467523996247,0.14392409419569452,1.7123212693524974,1.5523823798045104,0.33297002939746795,0.4023263214455226,61409.179765,0_400_0x1d00_135_200k
109,67.9,16.5,37.4,45.8,47.5,66.2,91.1,95.4,106.1,3.912851675168993,0.04546280841549996,0.033577575975298056,0.008107940440207843,1.7388064076071728,1.3453539039393734,0.41129220640043995,0.5045474820530126,67208.93233600003,0_50_0x1d00_135_200k
110,215.3,87.8,37.4,76.8,95.6,216.5,332.0,352.9,383.0,3.8334069854090593,0.08804570099342976,0.027660961907436436,0.05088635169007551,1.7094145390226403,1.540516665054026,0.3396176455357971,0.41045115038753766,62331.184212000226,0_300_0x1d00_135_200k
111,100.3,31.5,37.4,51.3,57.3,100.6,141.1,151.5,171.5,3.466848184247842,0.08419070935305299,0.20330622391702982,0.24565488248207998,1.6240313522801284,1.543811878621023,0.37551213760129204,0.4566446314975549,65751.60591899988,0_100_0x1d00_135_200k
112,51.6,6.2,34.0,42.8,44.5,50.4,60.2,63.9,70.7,3.6155544016317624,0.2258672136022562,0.1585763364814921,2.048284492209952e-06,2.143708338988287,0.9840157101782656,0.5498050836146765,0.3224708672187696,69198.10061199995,0_20_0x1d00_135_200k
113,244.2,102.6,41.1,82.7,103.7,245.5,381.3,400.0,437.7,3.5663377298260297,0.05397800645750216,0.2209396702447132,0.15874459347175737,1.7051449190417403,1.5488379031549688,0.33819635168380846,0.4078208261194817,60196.666721999965,0_350_0x1d00_135_200k
114,160.4,59.4,37.4,66.3,79.2,161.1,239.4,250.3,276.4,3.389939198901644,0.08770052303482387,0.2443616600148264,0.27799861804870896,1.6852446870430757,1.531174152899318,0.3524203713117246,0.43116078874588276,63279.359489000024,0_200_0x1d00_135_200k
115,55.9,9.5,34.0,43.5,45.6,53.9,70.3,73.4,79.6,3.7776022409922465,0.10514079442186869,0.11725615110549956,8.134803855778283e-07,2.0034538353845113,1.0894836393371632,0.37175670227923885,0.5353058229990892,68789.55524699988,0_30_0x1d00_135_200k
116,60.9,12.9,34.0,43.8,45.9,58.7,79.1,83.4,88.1,3.607246113854931,0.23068459748940331,0.16111536559885034,0.0009539230568122994,1.854235064442879,1.2259208151944974,0.41026960863841105,0.5095745117242124,68521.15353900005,0_40_0x1d00_135_200k
117,189.7,73.2,41.1,73.9,89.2,191.7,287.7,301.2,331.6,3.648887849914194,0.04665754966507294,0.11748463139689627,0.1869699690238406,1.7013038582942657,1.5355285362040973,0.3433811396256938,0.41978646587594265,62599.05619599993,0_250_0x1d00_135_200k
118,49.1,4.6,34.0,42.2,43.3,48.5,55.5,58.5,64.5,3.5696832139729975,0.27574738905054536,0.15456030927065262,9.087705803293363e-06,2.3213231966563166,0.8904282166155477,0.5682309609308082,0.22001762579732503,69535.00336800003,0_10_0x1d00_135_200k
119,45.7,4.9,30.9,38.9,40.4,44.3,53.1,55.7,61.7,3.654075996065169,0.21565152415276526,0.13026958968908364,2.8900929791423394e-06,2.128980799603225,1.01322123300766,0.3325600581192167,0.5252379092698966,69540.50654399989,0_2_0x1d00_135_200k
120,72.0,15.6,34.0,47.5,51.0,72.4,93.1,96.6,105.8,3.9436377444368023,0.03560823994746431,0.020692402137664018,6.161347806753769e-05,1.6686833972319373,1.4917513744328634,0.3590569078618716,0.4805083204733278,76991.95770099992,0_50_0x1d00_135_400k
121,102.7,29.4,37.4,56.1,62.3,102.9,141.2,149.9,164.8,3.9047174894398706,0.07591795431603297,0.01645758065241881,0.002906975591676148,1.660847276201126,1.533821904339234,0.34568184983763733,0.45964896962200247,74590.16480699994,0_100_0x1d00_135_400k
122,237.8,100.1,37.4,78.4,99.3,239.6,369.2,392.8,431.5,3.483589668678114,0.34047331951854426,0.12431729531291028,0.051619716490434175,1.6978910431197218,1.5840646407317993,0.31571185880225044,0.40233245734622974,69852.94293200009,0_350_0x1d00_135_400k
123,158.8,57.6,41.1,67.4,79.7,159.2,236.3,248.1,273.6,3.608297948855805,0.23826233977124392,0.11281690798028361,0.04062280339266688,1.6804994341913277,1.5633430599963005,0.3240702811608177,0.43208722465155475,71668.58975400002,0_200_0x1d00_135_400k
124,48.7,7.2,34.0,40.7,41.6,47.0,58.3,62.5,74.0,3.5490905707206877,0.2817834256220358,0.16910080329703506,2.5200360243936504e-05,2.068732456919829,1.0646121673934086,0.3336254850131242,0.5330298906736374,81207.40363200003,0_2_0x1d00_135_400k
125,54.6,9.3,30.9,43.2,45.4,53.8,65.0,69.6,79.9,3.4737170303369087,0.2275832749417583,0.29869656763879143,3.1270825417221767e-06,1.9489998938673214,1.1528542485791304,0.3583392193476246,0.5398066382059202,79471.72415000007,0_20_0x1d00_135_400k
126,269.2,114.3,37.4,88.0,112.4,271.6,421.4,441.8,483.9,3.534650765805436,0.35617846902630657,0.07559516288287749,0.03357560228537781,1.7005242644894971,1.5835603912092593,0.3162038559080169,0.39971148839322546,68960.52995099996,0_400_0x1d00_135_400k
127,52.0,6.6,34.0,43.5,45.5,51.0,59.8,64.2,75.4,3.5088846565445726,0.1919638346470457,0.2991514289716888,7.983669789809694e-08,2.196385382696373,0.9551831116745164,0.287481202700293,0.5609503029288174,80075.75139599992,0_10_0x1d00_135_400k
128,188.9,73.3,37.4,73.1,88.5,190.0,285.8,301.5,338.9,3.368786654288158,0.06370531033000028,0.34003167017548763,0.22747636520635284,1.6882654246703668,1.5766099705545034,0.3162263375802,0.41889826719493173,70285.00959200002,0_250_0x1d00_135_400k
129,218.9,87.0,34.0,79.5,99.3,220.2,333.5,356.4,394.5,3.42988507857966,0.31506948120510414,0.07301482605930562,0.1820306141559312,1.700427846948084,1.5909297795170239,0.30841233622142233,0.4002300373134706,68776.85986600013,0_300_0x1d00_135_400k
130,65.7,13.0,37.4,45.9,48.5,65.2,82.8,86.7,95.6,3.5056641263822996,0.1962097770466319,0.29811408694749075,1.2009623580266828e-05,1.717657289972124,1.4209020112484527,0.3654601274587742,0.4959805713206476,77787.5696600001,0_40_0x1d00_135_400k
131,59.6,10.4,37.4,44.4,46.5,58.9,73.4,77.7,86.3,3.5237111904307423,0.20497915596839397,0.27130956010723334,9.349363003037985e-08,1.798778299200002,1.3096809676983416,0.3679899685908371,0.5235507645108212,78478.67831000005,0_30_0x1d00_135_400k
132,244.1,83.2,41.1,110.6,131.6,246.2,354.0,375.0,417.2,3.47027546747861,0.37151977162513355,0.03507987533694478,0.12312488555930798,1.7269446463110718,1.6164682975258056,0.29087876247287753,0.3657082936902469,72597.18226200016,0_300_0x1d00_135_600k
133,158.3,56.6,37.4,68.5,80.5,158.8,234.1,247.8,274.0,3.4541921741551813,0.45031785850583744,0.08165248911375378,0.013837478225227044,1.6984685155165216,1.579440909896942,0.30703862034878165,0.4150519542377555,79066.22482000005,0_200_0x1d00_135_600k
134,76.6,16.3,37.4,51.5,55.5,76.6,96.8,103.3,115.0,3.552384276648831,0.3619664945656273,0.0850115104800538,0.0006377183054875623,1.6545700080690846,1.5204508143242463,0.34580807049147994,0.4791711071151876,84821.88329699996,0_50_0x1d00_135_600k
135,273.9,112.2,37.4,92.7,119.3,277.1,422.0,445.4,490.2,3.714507705476748,0.22244005045092088,0.044595935656167485,0.01845630841616777,1.764180726049907,1.5861400447235017,0.3001705896379559,0.3495086395886341,76403.99529299994,0_400_0x1d00_135_600k
136,62.2,13.7,34.0,46.6,49.2,59.9,77.2,84.6,110.8,3.2487863264156682,0.5252839163660238,0.22592661421304625,3.143005260729225e-06,1.7907061456734956,1.3112880497155337,0.35831732510616254,0.5396884795048102,89280.18590499995,0_20_0x1d00_135_600k
137,64.9,12.6,34.0,47.1,50.2,64.0,79.5,85.5,102.6,3.2540883789271167,0.5184242395575545,0.22748731433974134,6.717558776494627e-08,1.6862200556258995,1.4442599847004314,0.3560555468014099,0.5134644128722596,87321.97274999996,0_30_0x1d00_135_600k
138,58.8,13.7,34.0,45.6,47.1,55.9,73.8,81.8,108.6,3.2992554500933484,0.4829345435666604,0.21780795904804826,2.047291940157363e-06,2.0335786211087665,1.0493830216616078,0.3297151041955684,0.5873232530340551,90625.45330899999,0_10_0x1d00_135_600k
139,57.5,17.2,34.0,42.0,43.3,53.5,75.6,86.5,123.3,3.9569918824119217,0.026499324032029842,0.016507790398470182,1.00315757706422e-06,2.014633303131376,1.1061525315669796,0.3346461755714342,0.5445679897302123,92513.07372600035,0_2_0x1d00_135_600k
140,206.0,71.4,41.1,92.7,110.4,205.8,300.6,322.0,358.2,3.4238512137448094,0.40646393052225205,0.12527219316403587,0.04441266256890698,1.7078511505808844,1.596944586468568,0.2964601040222334,0.39874415892831366,74429.83039399979,0_250_0x1d00_135_600k
141,71.1,14.7,34.0,49.2,52.7,71.0,88.0,94.9,110.9,3.8791663746112435,0.08484250823893022,0.0359790920949766,1.2025054853300675e-05,1.6579824347046515,1.4980964069720757,0.35094830539203187,0.4929728529312409,86921.37769799997,0_40_0x1d00_135_600k
142,106.0,29.2,37.4,60.0,66.7,106.3,145.2,152.8,168.8,3.5131344866718544,0.3624294392643504,0.12070572278553178,0.0037303512782661816,1.6774052268899617,1.5431218820024948,0.3279473779563322,0.4515255131512096,81377.86203199998,0_100_0x1d00_135_600k
143,269.6,97.0,45.3,114.8,138.4,271.7,396.3,422.7,469.6,3.5208764718756385,0.3708258062170479,0.08160980988221817,0.026687912025092894,1.744193185322216,1.5808556524415747,0.3009092788088435,0.37404188342736333,72347.73215599998,0_350_0x1d00_135_600k
