desc,avg,std,min,5th,10th,50th,90th,95th,99th,eig_0,eig_1,eig_2,eig_3,eig_4,eig_5,eig_6,eig_7,joules_sum
0_200_0xd00_135_200k,179.3,57.8,45.3,86.6,100.6,180.9,256.3,270.5,297.3,3.6082208374523055,0.25820215592718077,0.13316736186562658,0.0004096447548910696,1.6707894915354748,1.5405957962132035,0.35474306430892033,0.4338716479424015,34341.416562000035
0_400_0xd00_135_200k,292.5,113.5,49.8,111.7,135.7,294.9,442.9,471.3,515.1,3.5930397243671637,0.28540973552993454,0.12120146105058884,0.0003490790523138321,1.696882989423399,1.5740218783866613,0.3275396699968895,0.40155546219305127,33724.28090399999
0_350_0xd00_135_200k,261.9,99.3,49.8,104.4,125.4,263.9,393.9,417.7,449.1,3.9135002088719553,0.07772698823481299,0.00875693607542169,1.586681781125223e-05,1.6903501582103873,1.5680686911443076,0.3325054416398188,0.40907570900548756,34207.359545999956
0_100_0xd00_135_200k,117.1,31.0,49.8,67.1,74.9,117.1,157.6,167.5,185.0,3.540735403291909,0.2905554291535991,0.16866306562582573,4.610192866839849e-05,1.626920433151135,1.5344901205832409,0.37380259405780364,0.4647868522078212,34939.679369000085
0_250_0xd00_135_200k,208.2,71.6,54.8,94.3,110.5,208.9,303.0,322.5,354.3,3.618875504895688,0.25666239567778987,0.1240177651988886,0.00044433422763327665,1.681455048287635,1.547266975402577,0.34589037323138855,0.4253876030783993,34107.859213000156
0_300_0xd00_135_200k,237.6,85.6,49.8,101.1,119.6,240.1,351.6,367.0,401.8,3.573198328999017,0.29014055424823115,0.1362640758912244,0.0003970408615281191,1.6898347676346996,1.5620234600518537,0.3357829224781323,0.412358849835314,34050.92852300004
0_300_0xd00_135_400k,256.1,89.6,49.8,113.4,137.1,256.5,369.7,399.5,466.9,3.630543386252234,0.288467848676687,0.08090232599458562,8.64390764928821e-05,1.7368022234882488,1.5900748962594535,0.2889390184236371,0.3841838618286619,37753.34609300003
0_100_0xd00_135_400k,139.8,46.5,45.3,81.1,90.7,136.4,186.4,207.1,285.6,3.3313218041565333,0.46913515653126525,0.1995428711328562,1.681793456867654e-07,1.6718018073956218,1.5188193936186312,0.3367217842692942,0.4726570147164535,39215.126425000024
0_400_0xd00_135_400k,302.2,115.2,45.3,117.9,147.0,303.0,447.9,483.1,563.4,3.494643133549771,0.4017216392332364,0.1035985948888634,3.6632328132882564e-05,1.740803114819852,1.593679500427694,0.29442795434975283,0.3710894304026997,37394.88526599988
0_250_0xd00_135_400k,221.8,77.4,45.3,103.5,121.5,221.6,319.3,343.0,401.3,3.1861131857749427,0.7577426211372216,0.056130316863648694,1.387622418777259e-05,1.717362990212818,1.5922846623788696,0.29327515169974,0.39707719570857164,38249.420906999876
0_200_0xd00_135_400k,193.9,63.5,49.8,97.4,111.9,193.3,272.1,293.8,355.0,3.4545169508636655,0.4012541717898283,0.14422296401279036,5.913333714202616e-06,1.7067099379710549,1.5660262194359578,0.30297612236118593,0.4242877202318013,38266.06536700008
0_350_0xd00_135_400k,294.7,101.4,54.8,132.7,159.9,296.2,424.9,454.5,522.3,3.594888016945731,0.33532844416120733,0.06961680396318592,0.00016673492987313735,1.742156989935958,1.5920119723415613,0.29095678237504613,0.37487425534743446,37007.07001900003
0_100_0xd00_135_600k,276.2,360.5,49.8,98.0,111.4,176.1,459.4,867.8,1981.6,3.317270730361858,0.5457142852877643,0.13701493863899566,4.571137983231873e-08,1.7700658780866185,1.455475992002707,0.29834546141323687,0.47611266849743766,41536.62440899994
0_200_0xd00_135_600k,297.5,288.3,49.8,113.2,134.2,232.7,449.5,712.6,1672.0,3.415507417422333,0.4649947862913202,0.11949760607614617,1.9021020307247325e-07,1.8499734997772372,1.491282999794892,0.25797103906754204,0.4007724613603275,40910.06394599994
0_300_0xd00_135_600k,324.4,232.8,49.8,124.2,152.9,284.9,476.4,656.1,1363.9,3.4508317479729604,0.4418991304256277,0.10726447687619985,4.644725210961922e-06,1.8903356986086648,1.4920254256776597,0.25971820662607475,0.35792066908760467,40541.52256400005
0_350_0xd00_135_600k,349.7,211.8,45.3,136.8,169.6,319.4,507.1,656.6,1262.1,3.4980917034374945,0.4112733506155396,0.09062838327047759,6.562676488888028e-06,1.91965007657481,1.4787625678484189,0.25710555683774805,0.3444817987390261,40307.26383700001
0_250_0xd00_135_600k,312.4,260.2,49.8,121.0,146.1,260.2,459.3,689.8,1550.8,3.434905392401647,0.4470286339267503,0.11806368264424583,2.291027356372471e-06,1.8651670056118148,1.4987099393211907,0.2594847672001955,0.37663828786680037,40657.79265099991
0_400_0xd00_135_600k,374.1,217.0,45.3,142.4,179.8,347.2,542.0,686.4,1287.4,3.497197649496986,0.4207703778001148,0.08202046147954906,1.1511223349727173e-05,1.9524437715530836,1.4650555978476862,0.25423131089669065,0.3282693197025384,40144.643265999955
0_400_0x1d00_135_200k,266.4,116.5,41.1,82.5,105.5,268.4,423.3,442.7,482.4,3.5797657478919027,0.05396340551277724,0.2223467523996247,0.14392409419569452,1.7123212693524974,1.5523823798045104,0.33297002939746795,0.4023263214455226,61409.179765
0_300_0x1d00_135_200k,215.3,87.8,37.4,76.8,95.6,216.5,332.0,352.9,383.0,3.8334069854090593,0.08804570099342976,0.027660961907436436,0.05088635169007551,1.7094145390226403,1.540516665054026,0.3396176455357971,0.41045115038753766,62331.184212000226
0_100_0x1d00_135_200k,100.3,31.5,37.4,51.3,57.3,100.6,141.1,151.5,171.5,3.466848184247842,0.08419070935305299,0.20330622391702982,0.24565488248207998,1.6240313522801284,1.543811878621023,0.37551213760129204,0.4566446314975549,65751.60591899988
0_350_0x1d00_135_200k,244.2,102.6,41.1,82.7,103.7,245.5,381.3,400.0,437.7,3.5663377298260297,0.05397800645750216,0.2209396702447132,0.15874459347175737,1.7051449190417403,1.5488379031549688,0.33819635168380846,0.4078208261194817,60196.666721999965
0_200_0x1d00_135_200k,160.4,59.4,37.4,66.3,79.2,161.1,239.4,250.3,276.4,3.389939198901644,0.08770052303482387,0.2443616600148264,0.27799861804870896,1.6852446870430757,1.531174152899318,0.3524203713117246,0.43116078874588276,63279.359489000024
0_250_0x1d00_135_200k,189.7,73.2,41.1,73.9,89.2,191.7,287.7,301.2,331.6,3.648887849914194,0.04665754966507294,0.11748463139689627,0.1869699690238406,1.7013038582942657,1.5355285362040973,0.3433811396256938,0.41978646587594265,62599.05619599993
0_100_0x1d00_135_400k,102.7,29.4,37.4,56.1,62.3,102.9,141.2,149.9,164.8,3.9047174894398706,0.07591795431603297,0.01645758065241881,0.002906975591676148,1.660847276201126,1.533821904339234,0.34568184983763733,0.45964896962200247,74590.16480699994
0_350_0x1d00_135_400k,237.8,100.1,37.4,78.4,99.3,239.6,369.2,392.8,431.5,3.483589668678114,0.34047331951854426,0.12431729531291028,0.051619716490434175,1.6978910431197218,1.5840646407317993,0.31571185880225044,0.40233245734622974,69852.94293200009
0_200_0x1d00_135_400k,158.8,57.6,41.1,67.4,79.7,159.2,236.3,248.1,273.6,3.608297948855805,0.23826233977124392,0.11281690798028361,0.04062280339266688,1.6804994341913277,1.5633430599963005,0.3240702811608177,0.43208722465155475,71668.58975400002
0_400_0x1d00_135_400k,269.2,114.3,37.4,88.0,112.4,271.6,421.4,441.8,483.9,3.534650765805436,0.35617846902630657,0.07559516288287749,0.03357560228537781,1.7005242644894971,1.5835603912092593,0.3162038559080169,0.39971148839322546,68960.52995099996
0_250_0x1d00_135_400k,188.9,73.3,37.4,73.1,88.5,190.0,285.8,301.5,338.9,3.368786654288158,0.06370531033000028,0.34003167017548763,0.22747636520635284,1.6882654246703668,1.5766099705545034,0.3162263375802,0.41889826719493173,70285.00959200002
0_300_0x1d00_135_400k,218.9,87.0,34.0,79.5,99.3,220.2,333.5,356.4,394.5,3.42988507857966,0.31506948120510414,0.07301482605930562,0.1820306141559312,1.700427846948084,1.5909297795170239,0.30841233622142233,0.4002300373134706,68776.85986600013
0_300_0x1d00_135_600k,244.1,83.2,41.1,110.6,131.6,246.2,354.0,375.0,417.2,3.47027546747861,0.37151977162513355,0.03507987533694478,0.12312488555930798,1.7269446463110718,1.6164682975258056,0.29087876247287753,0.3657082936902469,72597.18226200016
0_200_0x1d00_135_600k,158.3,56.6,37.4,68.5,80.5,158.8,234.1,247.8,274.0,3.4541921741551813,0.45031785850583744,0.08165248911375378,0.013837478225227044,1.6984685155165216,1.579440909896942,0.30703862034878165,0.4150519542377555,79066.22482000005
0_400_0x1d00_135_600k,273.9,112.2,37.4,92.7,119.3,277.1,422.0,445.4,490.2,3.714507705476748,0.22244005045092088,0.044595935656167485,0.01845630841616777,1.764180726049907,1.5861400447235017,0.3001705896379559,0.3495086395886341,76403.99529299994
0_250_0x1d00_135_600k,206.0,71.4,41.1,92.7,110.4,205.8,300.6,322.0,358.2,3.4238512137448094,0.40646393052225205,0.12527219316403587,0.04441266256890698,1.7078511505808844,1.596944586468568,0.2964601040222334,0.39874415892831366,74429.83039399979
0_100_0x1d00_135_600k,106.0,29.2,37.4,60.0,66.7,106.3,145.2,152.8,168.8,3.5131344866718544,0.3624294392643504,0.12070572278553178,0.0037303512782661816,1.6774052268899617,1.5431218820024948,0.3279473779563322,0.4515255131512096,81377.86203199998
0_350_0x1d00_135_600k,269.6,97.0,45.3,114.8,138.4,271.7,396.3,422.7,469.6,3.5208764718756385,0.3708258062170479,0.08160980988221817,0.026687912025092894,1.744193185322216,1.5808556524415747,0.3009092788088435,0.37404188342736333,72347.73215599998
