,avg,std,min,5th,10th,50th,90th,95th,99th,eig_0,eig_1,eig_2,eig_3,eig_4,eig_5,eig_6,eig_7,joules_sum,desc
0,81.8,17.0,45.3,58.8,61.6,79.8,104.5,112.7,130.8,3.4927765517878826,0.19934651928414587,0.307876909665457,1.9262515274520353e-08,1.8746813805079485,1.2063671740858208,0.3884551199825236,0.530496325423706,35745.28953299998,0_40_0xd00_135_200k
1,179.3,57.8,45.3,86.6,100.6,180.9,256.3,270.5,297.3,3.6082208374523055,0.25820215592718077,0.13316736186562658,0.0004096447548910696,1.6707894915354748,1.5405957962132035,0.35474306430892033,0.4338716479424015,34341.416562000035,0_200_0xd00_135_200k
2,74.0,14.6,49.8,57.1,59.7,71.1,92.8,102.1,124.4,3.5244567198573122,0.190144862609223,0.2853983903948406,2.7138623820979955e-08,2.1619593924348397,0.9723113494839292,0.3084264931139958,0.5573027649672336,35966.11422999994,0_20_0xd00_135_200k
3,292.5,113.5,49.8,111.7,135.7,294.9,442.9,471.3,515.1,3.5930397243671637,0.28540973552993454,0.12120146105058884,0.0003490790523138321,1.696882989423399,1.5740218783866613,0.3275396699968895,0.40155546219305127,33724.28090399999,0_400_0xd00_135_200k
4,71.3,17.4,41.1,55.1,56.2,66.2,93.0,104.9,134.4,3.59961849879766,0.24531460855020587,0.15506680317225877,8.947987534824206e-08,2.0695994287731985,1.0610653982418004,0.3477738868240674,0.5215612861609341,36046.76196400005,0_2_0xd00_135_200k
5,76.9,15.5,41.1,57.5,60.4,74.8,96.6,105.4,126.9,3.520107827018549,0.19207673728408645,0.28781540602223565,2.9675132935692953e-08,2.016151353674511,1.0821844088272776,0.36450351949823084,0.5371607179999797,35869.15314400006,0_30_0xd00_135_200k
6,261.9,99.3,49.8,104.4,125.4,263.9,393.9,417.7,449.1,3.9135002088719553,0.07772698823481299,0.00875693607542169,1.586681781125223e-05,1.6903501582103873,1.5680686911443076,0.3325054416398188,0.40907570900548756,34207.359545999956,0_350_0xd00_135_200k
7,87.9,19.3,45.3,60.9,63.5,86.5,113.4,120.7,140.1,3.512326887034626,0.19259900986381404,0.295074040631606,6.24699547562253e-08,1.7837514282280336,1.31011857721894,0.39373659255461185,0.5123934019984159,35496.66981999989,0_50_0xd00_135_200k
8,72.4,14.7,45.3,56.4,58.3,68.4,91.1,101.7,125.3,3.9987940824583803,0.0007471233993568279,0.0004587940799130613,6.235089717458759e-11,2.2756983513376774,0.914970371312381,0.5520199801598387,0.2573112971901026,36553.16609099985,0_10_0xd00_135_200k
9,117.1,31.0,49.8,67.1,74.9,117.1,157.6,167.5,185.0,3.540735403291909,0.2905554291535991,0.16866306562582573,4.610192866839849e-05,1.626920433151135,1.5344901205832409,0.37380259405780364,0.4647868522078212,34939.679369000085,0_100_0xd00_135_200k
10,208.2,71.6,54.8,94.3,110.5,208.9,303.0,322.5,354.3,3.618875504895688,0.25666239567778987,0.1240177651988886,0.00044433422763327665,1.681455048287635,1.547266975402577,0.34589037323138855,0.4253876030783993,34107.859213000156,0_250_0xd00_135_200k
11,237.6,85.6,49.8,101.1,119.6,240.1,351.6,367.0,401.8,3.573198328999017,0.29014055424823115,0.1362640758912244,0.0003970408615281191,1.6898347676346996,1.5620234600518537,0.3357829224781323,0.412358849835314,34050.92852300004,0_300_0xd00_135_200k
12,256.1,89.6,49.8,113.4,137.1,256.5,369.7,399.5,466.9,3.630543386252234,0.288467848676687,0.08090232599458562,8.64390764928821e-05,1.7368022234882488,1.5900748962594535,0.2889390184236371,0.3841838618286619,37753.34609300003,0_300_0xd00_135_400k
13,132.6,138.8,45.3,61.5,65.0,96.2,207.3,309.2,775.4,3.3086290487239918,0.4329462732333154,0.25842463715928615,4.088340842054948e-08,2.1386999263227433,0.9874819270942637,0.3033584358641469,0.5704597107188468,40648.22931500002,0_10_0xd00_135_400k
14,139.8,46.5,45.3,81.1,90.7,136.4,186.4,207.1,285.6,3.3313218041565333,0.46913515653126525,0.1995428711328562,1.681793456867654e-07,1.6718018073956218,1.5188193936186312,0.3367217842692942,0.4726570147164535,39215.126425000024,0_100_0xd00_135_400k
15,302.2,115.2,45.3,117.9,147.0,303.0,447.9,483.1,563.4,3.494643133549771,0.4017216392332364,0.1035985948888634,3.6632328132882564e-05,1.740803114819852,1.593679500427694,0.29442795434975283,0.3710894304026997,37394.88526599988,0_400_0xd00_135_400k
16,160.4,235.6,45.3,57.5,61.4,100.0,251.4,456.4,1270.9,3.3247357340204564,0.4268151638428479,0.24844909294705508,9.18964091575695e-09,1.9829718044138902,1.1375532701611757,0.3409535146738852,0.5385214107510495,40716.0302050001,0_2_0xd00_135_400k
17,221.8,77.4,45.3,103.5,121.5,221.6,319.3,343.0,401.3,3.1861131857749427,0.7577426211372216,0.056130316863648694,1.387622418777259e-05,1.717362990212818,1.5922846623788696,0.29327515169974,0.39707719570857164,38249.420906999876,0_250_0xd00_135_400k
18,193.9,63.5,49.8,97.4,111.9,193.3,272.1,293.8,355.0,3.4545169508636655,0.4012541717898283,0.14422296401279036,5.913333714202616e-06,1.7067099379710549,1.5660262194359578,0.30297612236118593,0.4242877202318013,38266.06536700008,0_200_0xd00_135_400k
19,125.1,106.5,45.3,63.8,68.5,97.3,189.1,264.7,622.1,3.303840838513614,0.4339937060967954,0.2621654320308378,2.335875271712958e-08,1.9173428202620166,1.1426357261776439,0.3462227366970975,0.5937987168632424,40617.88340100006,0_20_0xd00_135_400k
20,116.4,52.8,45.3,69.8,76.4,106.6,157.3,188.9,331.8,3.320584925016946,0.4570791441930371,0.22233589180568578,3.8984330479677894e-08,1.6593837531970288,1.4765153667092057,0.3512289389923232,0.5128719411014429,39914.12066700011,0_50_0xd00_135_400k
21,117.3,69.4,45.3,67.5,73.7,102.7,164.4,205.5,412.4,3.627615526041102,0.28257691370231225,0.08980754002313147,2.0233452248509992e-08,1.6866618038796106,1.4238172690898951,0.3558433892555608,0.533677537774935,40380.562108,0_40_0xd00_135_400k
22,116.6,77.9,45.3,64.7,70.5,97.8,168.6,221.6,471.1,3.3138562590153957,0.4436850398770578,0.2424586855874765,1.5520071542142282e-08,1.7595179877612637,1.3188722934817505,0.3565852225389246,0.5650244962180613,40370.52260600022,0_30_0xd00_135_400k
23,294.7,101.4,54.8,132.7,159.9,296.2,424.9,454.5,522.3,3.594888016945731,0.33532844416120733,0.06961680396318592,0.00016673492987313735,1.742156989935958,1.5920119723415613,0.29095678237504613,0.37487425534743446,37007.07001900003,0_350_0xd00_135_400k
24,311.5,495.7,49.8,82.4,93.3,159.3,610.0,1154.6,2707.7,3.9020893089055386,0.09293215549189947,0.004978527079790164,8.522771211845638e-09,1.6718840238818338,1.4609124435121403,0.33762001261666236,0.5295835199893647,42432.807739,0_50_0xd00_135_600k
25,276.2,360.5,49.8,98.0,111.4,176.1,459.4,867.8,1981.6,3.317270730361858,0.5457142852877643,0.13701493863899566,4.571137983231873e-08,1.7700658780866185,1.455475992002707,0.29834546141323687,0.47611266849743766,41536.62440899994,0_100_0xd00_135_600k
26,1228.8,1358.9,49.8,153.4,232.1,831.2,2608.1,3911.3,7055.5,2.8156334719539267,0.8555368458341297,0.3288296345427367,4.766920494950801e-08,1.9359847425374848,1.1867251501149938,0.3399541345507338,0.5373359727967855,42506.34580099999,0_2_0xd00_135_600k
27,297.5,288.3,49.8,113.2,134.2,232.7,449.5,712.6,1672.0,3.415507417422333,0.4649947862913202,0.11949760607614617,1.9021020307247325e-07,1.8499734997772372,1.491282999794892,0.25797103906754204,0.4007724613603275,40910.06394599994,0_200_0xd00_135_600k
28,566.1,874.5,49.8,82.8,98.7,279.9,1268.3,2229.1,4566.4,2.9574703752519476,0.7629708247604221,0.2795587463265311,5.366109755491372e-08,1.7418259591727048,1.2996656436942322,0.3447407382335992,0.6137676588994624,42517.58620999986,0_20_0xd00_135_600k
29,324.4,232.8,49.8,124.2,152.9,284.9,476.4,656.1,1363.9,3.4508317479729604,0.4418991304256277,0.10726447687619985,4.644725210961922e-06,1.8903356986086648,1.4920254256776597,0.25971820662607475,0.35792066908760467,40541.52256400005,0_300_0xd00_135_600k
30,757.1,1027.2,49.8,91.2,122.0,439.1,1645.5,2675.6,5559.8,2.8586799874667226,0.8296623422586735,0.3116576564985643,1.3776039914761817e-08,2.0071702803181903,1.0789163573228338,0.3261608400605316,0.5877525222984475,42516.535058000096,0_10_0xd00_135_600k
31,434.5,718.3,49.8,80.2,91.2,203.4,937.6,1719.4,3958.1,3.0704429553106354,0.6926460908329934,0.23691088884206518,6.501430605268622e-08,1.663934028181809,1.4222449507747437,0.3426879030616105,0.5711331179818412,42289.685696000066,0_30_0xd00_135_600k
32,349.7,211.8,45.3,136.8,169.6,319.4,507.1,656.6,1262.1,3.4980917034374945,0.4112733506155396,0.09062838327047759,6.562676488888028e-06,1.91965007657481,1.4787625678484189,0.25710555683774805,0.3444817987390261,40307.26383700001,0_350_0xd00_135_600k
33,312.4,260.2,49.8,121.0,146.1,260.2,459.3,689.8,1550.8,3.434905392401647,0.4470286339267503,0.11806368264424583,2.291027356372471e-06,1.8651670056118148,1.4987099393211907,0.2594847672001955,0.37663828786680037,40657.79265099991,0_250_0xd00_135_600k
34,367.1,616.4,45.3,81.1,91.6,176.4,748.2,1433.3,3269.9,3.9313936635992075,0.06430987703152077,0.004296453763854944,5.605419489215121e-09,1.6612577295765596,1.4612522190922803,0.3396929998700269,0.5377970514611331,42551.03732899997,0_40_0xd00_135_600k
35,374.1,217.0,45.3,142.4,179.8,347.2,542.0,686.4,1287.4,3.497197649496986,0.4207703778001148,0.08202046147954906,1.1511223349727173e-05,1.9524437715530836,1.4650555978476862,0.25423131089669065,0.3282693197025384,40144.643265999955,0_400_0xd00_135_600k
36,66.9,11.4,41.1,55.2,56.1,63.9,80.6,87.9,107.4,3.547045248974166,0.16998986802188776,0.28296448146411235,4.015398369563624e-07,2.2778942600043104,0.9115884854068134,0.5555676103611779,0.2549496442277008,39008.07876099997,0_10_0xf00_135_200k
37,63.6,12.8,41.1,50.6,51.8,59.8,79.3,87.7,109.4,3.6154426150471792,0.23537737131087952,0.1491788986350925,1.1150068477485258e-06,2.089047734267651,1.0494836604385325,0.34410610497895694,0.5173625003148613,39070.766814,0_2_0xf00_135_200k
38,230.5,85.7,49.8,93.7,112.1,232.4,345.3,361.9,395.8,3.6319033135571055,0.254713491037344,0.11068440479978685,0.0026987906057670454,1.6890813857097609,1.556466873781728,0.33906283519088604,0.4153889053176246,36724.793922,0_300_0xf00_135_200k
39,288.6,113.6,45.3,107.0,130.6,292.0,439.1,466.6,504.1,3.6152243306561895,0.2651652082919456,0.11525887482745742,0.004351586224408514,1.6985647385973734,1.5704447442638982,0.32911903656593783,0.4018714805727884,36051.43212400004,0_400_0xf00_135_200k
40,81.4,17.6,41.1,56.3,58.6,80.1,105.1,111.8,125.4,3.515393160408249,0.307808516962328,0.17679732395960462,9.986698158285974e-07,1.7892519891440464,1.3047198865947556,0.39760028322653684,0.50842784103466,38391.552858999945,0_50_0xf00_135_200k
41,202.8,71.6,45.3,88.9,105.6,203.9,297.8,315.8,339.3,3.5900066280287546,0.27830479664249946,0.12753191979444858,0.0041566555342982415,1.679085522519223,1.545939984119258,0.34852644263159943,0.42644805072992054,36735.662413999984,0_250_0xf00_135_200k
42,173.9,57.2,45.3,81.2,95.4,175.4,249.2,265.0,289.4,3.6166460100972593,0.24932866184715258,0.12972386731426735,0.004301460741318579,1.676563046610334,1.540131861423704,0.35276736434753325,0.43053772761842923,36974.740689999955,0_200_0xf00_135_200k
43,112.3,30.6,45.3,62.6,70.3,112.6,152.6,161.0,176.2,3.8664881801445934,0.11911522284777841,0.014305105140000116,9.149186763091424e-05,0.3772021834201429,0.4657741782485492,1.6223933710326304,1.534630267298678,38065.28661199991,0_100_0xf00_135_200k
44,70.9,12.9,41.1,55.3,56.5,69.0,87.6,94.8,110.7,3.5039341519926834,0.18985970632121496,0.306206122618664,1.906743687642872e-08,1.9840530757328498,1.100507371247994,0.37250921731617376,0.5429303357029809,38857.77884799999,0_30_0xf00_135_200k
45,260.2,100.5,45.3,100.6,122.0,263.1,392.8,414.9,444.0,3.628874125580589,0.25176285737692244,0.1159316383284338,0.003431378714059303,1.691140162153368,1.5624342284358117,0.33635354794386313,0.41007206146695685,36280.11215699996,0_350_0xf00_135_200k
46,67.5,11.8,41.1,55.0,56.0,65.0,81.6,87.9,105.3,3.538215514071227,0.17752330069088693,0.2842609993149425,1.8592294370953594e-07,2.1569164707942123,0.9736102020010159,0.31210539794120606,0.5573679292635645,38948.66354100022,0_20_0xf00_135_200k
47,75.7,15.1,45.3,55.6,57.3,74.4,95.8,102.7,116.6,3.5423548795217674,0.1937004047577299,0.26394463558932596,8.013117862993544e-08,1.8735995249668616,1.2057144493572012,0.3913420618352403,0.5293439638406977,38663.80263000015,0_40_0xf00_135_200k
48,91.7,35.1,45.3,59.1,63.2,84.3,123.9,145.0,228.7,3.847691888091417,0.1144640850772933,0.03784390491854852,1.2191274330334662e-07,1.7725353734110194,1.3214021080135288,0.3599130658327322,0.5461494527427196,44421.76471100008,0_30_0xf00_135_400k
49,263.1,99.2,45.3,103.6,127.7,265.1,392.4,420.3,475.3,3.502213965241545,0.39048238265274937,0.10647373235915265,0.0008299197465523842,1.7147808866353103,1.595281256955673,0.30187644426213145,0.38806141214688494,40353.567350999976,0_350_0xf00_135_400k
50,125.8,34.8,45.3,73.8,81.8,124.8,168.2,182.2,221.1,3.3495268774357583,0.43213706875484537,0.2183340476675222,2.0061418758474744e-06,1.6693820415227356,1.5295819763870118,0.33829284587931785,0.4627431362109335,42621.70527999991,0_100_0xf00_135_400k
51,216.4,73.1,45.3,99.1,117.2,216.8,312.6,332.7,374.7,3.528873265268519,0.3622110701178423,0.10674543071707045,0.0021702338965694326,1.7077612576908285,1.5863074210788164,0.30173693437684185,0.4041943868535152,40604.522388,0_250_0xf00_135_400k
52,98.6,28.7,45.3,63.7,69.6,95.8,127.8,143.0,194.7,3.2936148010440993,0.47237809052514196,0.2340070899835263,1.8447233988076296e-08,1.6636736502035947,1.4740985834196254,0.35206589109956726,0.5101618752772135,43483.387498000055,0_50_0xf00_135_400k
53,249.5,86.9,45.3,109.7,131.3,251.8,362.3,389.6,438.4,3.532334106136936,0.3710175924491285,0.09330994491365827,0.0033383565002767773,1.720956286910476,1.5976888949006873,0.2953188151359877,0.38603600305284863,40164.50340199997,0_300_0xf00_135_400k
54,93.5,50.8,45.3,57.3,60.3,79.6,136.1,170.4,301.8,3.2782831070552882,0.440608252618579,0.2811086286218045,1.170432823640427e-08,2.140300720382668,0.9832370468375011,0.30269270738733445,0.5737695253924974,44718.5081779999,0_10_0xf00_135_400k
55,314.9,112.7,45.3,132.8,162.3,318.3,461.8,488.8,552.1,3.6047245391206206,0.3326348326292661,0.05989259098722782,0.002748037262883603,1.7351311058001133,1.5934658991458066,0.297117393926945,0.37428560112713566,39416.97670600028,0_400_0xf00_135_400k
56,92.2,42.8,45.3,58.4,61.8,81.3,128.7,155.4,267.6,3.2917530668304744,0.4462594976106163,0.261986886151522,5.494073820739379e-07,1.9207067433167009,1.144354449684661,0.3507828144188839,0.5841559925797538,44520.811875000014,0_20_0xf00_135_400k
57,182.0,58.4,45.3,88.8,103.3,183.2,258.9,274.2,307.8,3.524715313726632,0.3393700038449212,0.13520430361604463,0.0007103788124030354,1.6947432678074013,1.5686679053426769,0.3114249362131179,0.425163890636804,41254.46884800004,0_200_0xf00_135_400k
58,94.0,31.0,41.1,60.7,65.5,89.1,124.1,141.1,204.4,3.2829492832074214,0.4623032195854291,0.2547473206168494,1.7659029844773359e-07,1.6940364103560692,1.4265252576114031,0.356903197091291,0.5225351349412384,43774.845070999996,0_40_0xf00_135_400k
59,98.0,76.2,41.1,53.5,56.2,78.2,147.8,195.0,437.9,3.3338191759867395,0.43377166930785643,0.23240906992981863,8.477558454256651e-08,2.003574411952399,1.1198727526095267,0.3396859491489161,0.5368668862891575,44676.92679600002,0_2_0xf00_135_400k
60,337.2,124.1,49.8,143.5,179.3,338.2,484.2,527.9,673.3,3.5292342172452678,0.4023290361039325,0.06798515367826785,0.0004515929725324246,1.8377941020149695,1.5540557341309258,0.2731901903536263,0.3349599735004782,43155.76223200007,0_400_0xf00_135_600k
61,194.1,266.1,45.3,71.2,78.4,118.7,322.2,611.8,1483.3,3.2544165029654346,0.5394042086528613,0.20617896383444875,3.245472527741078e-07,1.657205133396574,1.4730327455935615,0.34283267767245795,0.5269294433374074,46764.72072599998,0_40_0xf00_135_600k
62,209.5,317.5,45.3,68.4,75.5,117.9,360.4,698.8,1747.7,3.231551761606532,0.5523781910950377,0.2160696547732949,3.92525137439631e-07,1.666284695715909,1.4338653144427596,0.3464742035095446,0.5533757863317859,46935.85281000001,0_30_0xf00_135_600k
63,330.0,541.7,45.3,64.8,73.2,158.4,703.4,1277.2,2901.9,3.1050079720009762,0.6335816434035814,0.2614102401079883,1.4448745453332945e-07,2.0104630329760944,1.0650816167328776,0.3264400175315624,0.5980153327594668,47487.137747999834,0_10_0xf00_135_600k
64,176.3,135.9,49.8,85.7,97.7,148.4,249.5,349.5,796.7,3.403127066362157,0.4627912662675495,0.13408150645957734,1.6091072026306344e-07,1.7404830346607625,1.4926812254882467,0.30322329642023893,0.46361244343075114,45840.62989600006,0_100_0xf00_135_600k
65,253.6,417.1,41.1,65.7,72.5,128.1,490.2,940.9,2246.2,3.171782099650521,0.5783099680288155,0.24990751749201331,4.1482865578203816e-07,1.7389898457450075,1.3077560470941347,0.34857272408069817,0.6046813830801606,47253.18585099984,0_20_0xf00_135_600k
66,238.7,109.8,45.3,103.6,124.7,228.9,343.9,396.4,655.5,3.489757421225653,0.41715751321089745,0.09295400499063103,0.00013106057281752305,1.7903689182835822,1.558896560561955,0.2703117702392177,0.38042275091524275,44603.30144300002,0_250_0xf00_135_600k
67,216.0,110.1,45.3,99.3,116.5,202.5,303.9,366.3,648.8,3.4654958866209924,0.42988041885867506,0.10454879903422966,7.489548610368914e-05,1.7798063534106143,1.5527757594998643,0.26932559744661627,0.3980922896429046,45002.91110100002,0_200_0xf00_135_600k
68,295.8,120.4,45.3,119.0,150.1,292.3,432.4,479.3,666.0,3.533518532899884,0.3895075060106857,0.07685072461793417,0.00012323647149522227,1.8537612416332194,1.537851016150409,0.2690578445357562,0.33932989768061494,43811.30800399996,0_350_0xf00_135_600k
69,276.8,106.1,49.8,124.0,151.5,272.9,394.3,437.4,608.5,3.488722936698199,0.428129456919852,0.08295331223704275,0.00019429414490411092,1.8267309571114998,1.5292980924597872,0.27491252771050356,0.3690584227182076,43769.53855899999,0_300_0xf00_135_600k
70,176.2,210.5,45.3,73.8,81.2,119.1,278.8,492.2,1172.5,3.3022038884854203,0.519475937564395,0.1783200992677056,7.468247697688956e-08,1.6671978011187734,1.4761473054865681,0.3382974635113078,0.5183574298833511,46573.12948599993,0_50_0xf00_135_600k
71,466.1,798.2,41.1,64.2,76.0,208.2,1042.5,1930.7,4251.4,3.093845046266742,0.6384770409230232,0.26767742483922086,4.879710161116537e-07,1.9438718631759635,1.1722064469450508,0.33814920309441715,0.5457724867845706,47421.660225999956,0_2_0xf00_135_600k
72,254.8,100.4,45.3,96.8,117.0,256.2,388.3,407.3,441.9,3.642631984189504,0.22623174347194808,0.11941042417158894,0.011725848166960172,1.6941859658851546,1.556491155579637,0.33718780487108124,0.41213507366412666,39060.885973,0_350_0x1100_135_200k
73,61.7,8.9,45.3,51.2,52.8,59.4,73.6,79.2,93.2,3.58586870119089,0.15932667263539022,0.2548046073606091,1.8813111677156542e-08,2.2860415879687195,0.9059059542387153,0.5615980582091246,0.24645439958343826,42388.78263600003,0_10_0x1100_135_200k
74,280.1,114.8,45.3,99.7,121.8,281.2,433.4,459.0,488.6,3.5871445110189786,0.2771883301520191,0.12601824636309897,0.009648912465901424,1.694602929862892,1.569328047338925,0.3318458774521328,0.4042231453460496,39027.61986699997,0_400_0x1100_135_200k
75,169.2,58.1,45.3,76.8,89.5,171.1,246.2,261.1,282.5,3.5937174730475165,0.2588318929497692,0.13433806619752842,0.01311256780518822,1.675065024824945,1.5457109261302495,0.3513867408538764,0.4278373081909308,39890.32499399994,0_200_0x1100_135_200k
76,58.4,10.0,41.1,47.8,50.0,55.6,71.5,78.1,94.9,3.63241388700133,0.22148337262592704,0.14609680031557715,5.94005716669317e-06,2.09236283315024,1.0371493888588865,0.342655076311561,0.5278327016793126,42395.0081129999,0_2_0x1100_135_200k
77,72.3,14.1,41.1,53.1,55.5,70.9,92.1,96.6,108.6,3.5335452897101796,0.18364836546230542,0.2828061857947169,1.5903279730939554e-07,1.881665074285329,1.2019969428405044,0.3924422752427923,0.523895707631375,41907.303169999796,0_40_0x1100_135_200k
78,62.7,9.4,41.1,51.1,52.6,60.6,75.7,79.9,94.0,3.5726609118081596,0.17133774222331402,0.25600112006719417,2.2590133261706273e-07,2.1651457152582774,0.9694142721933138,0.3103491324945783,0.5550908800538323,42273.382470000084,0_20_0x1100_135_200k
79,66.9,11.5,41.1,51.8,54.1,64.8,82.3,87.4,101.3,3.990775910239809,0.006833205343104526,0.002390871873847671,1.2543243702825474e-08,1.989341908821492,1.101227175591536,0.37285070261557246,0.5365802129713988,42644.89845599991,0_30_0x1100_135_200k
80,77.8,16.8,41.1,54.5,56.5,76.9,101.6,105.7,116.1,3.587656300851028,0.16885997899023708,0.24346067665186596,2.3043506869908e-05,1.7711864395152295,1.3061460780412373,0.403582230138418,0.5190852523051135,41386.97384099978,0_50_0x1100_135_200k
81,198.3,71.8,45.3,83.5,99.4,200.1,294.0,309.3,333.5,3.6015153562375835,0.25822701665927467,0.12860676898067358,0.011650858122466634,1.6831064163072353,1.5462355500483083,0.34783460346047185,0.42282343018398577,39580.23063999991,0_250_0x1100_135_200k
82,225.9,86.1,45.3,89.1,106.7,228.5,341.5,359.0,391.8,3.587223091125984,0.2559198890294405,0.1444233644344786,0.01243365541009552,1.6861467281819174,1.55361877727049,0.3408869294705328,0.41934756507705917,39406.677160999825,0_300_0x1100_135_200k
83,109.7,30.5,45.3,60.8,68.0,109.8,150.6,156.1,171.4,3.5499056721883973,0.2742914775314198,0.1721135460263318,0.003689304253850393,1.6253486616864716,1.5403781479261003,0.37626235884158954,0.4580108315458386,40936.04665200008,0_100_0x1100_135_200k
84,305.0,113.5,49.8,121.0,151.5,308.4,450.8,479.9,533.4,3.5989717212305545,0.32936678347611786,0.06574387715556665,0.005917618137760528,1.7764656520791462,1.559949321762412,0.2961740964926204,0.3674109296658224,42588.81609300006,0_400_0x1100_135_400k
85,247.5,86.2,45.3,109.1,131.0,248.9,360.4,385.9,432.4,3.547476432464186,0.36940142362514095,0.07262725731778548,0.010494886592890036,1.7126829267989425,1.5956311209239278,0.29743715134500304,0.3942488009321241,43148.073425999886,0_300_0x1100_135_400k
86,88.8,21.0,41.1,58.6,63.4,87.6,113.6,122.6,151.2,3.858054340890725,0.12245904441432412,0.019486566081427,4.8613524433431995e-08,1.666402279054582,1.477075579788209,0.3551715616691782,0.5013505794880325,47473.16112300003,0_50_0x1100_135_400k
87,84.3,21.7,41.1,56.9,61.0,81.9,107.2,117.9,152.1,3.274535383486801,0.47130640947712027,0.2541570426658598,1.1643702149674941e-06,1.6980231026154335,1.42578621812447,0.3591894010502863,0.5170012782098101,47781.445607000176,0_40_0x1100_135_400k
88,266.2,99.7,45.3,105.7,130.8,268.4,396.4,425.3,477.2,3.567853823541986,0.336896074108411,0.09060286574602122,0.0046472366035793565,1.7336736474697816,1.5895945513908503,0.2980710765248737,0.37866072461449374,43224.504779000024,0_350_0x1100_135_400k
89,175.5,57.8,45.3,83.6,97.8,176.7,250.6,268.1,298.6,3.503285555039909,0.48193296795844354,0.014544433940310688,0.00023704306133809635,1.6928345738933857,1.5684887156690894,0.31459726222856915,0.4240794482089552,45033.501137000014,0_200_0x1100_135_400k
90,206.8,72.1,49.8,91.7,109.0,207.6,301.0,322.5,359.9,3.717089541714395,0.2035361341075047,0.07729981297263512,0.0020745112054649946,1.7074469964897738,1.5820860422803817,0.3044528803446676,0.40601408088517477,44247.31910699993,0_250_0x1100_135_400k
91,75.6,33.4,41.1,50.4,52.1,66.8,106.0,127.1,209.1,3.337791548193124,0.4351368772823174,0.22707070274791047,8.717766486291859e-07,2.0191435993776863,1.105803515750793,0.3391496464169003,0.5359032384546243,48819.60936500001,0_2_0x1100_135_400k
92,77.7,28.9,41.1,54.5,56.1,70.3,106.5,126.6,190.3,3.229689534808571,0.4716414720840857,0.298668783956047,2.0915129569012052e-07,2.149558881578584,0.9780154879882323,0.30172684358357327,0.5706987868496113,48934.33914099989,0_10_0x1100_135_400k
93,79.9,21.6,41.1,55.8,58.8,76.7,103.4,115.3,153.7,3.2727734650509737,0.45035135167787477,0.2768746938095875,4.894615620643305e-07,1.7737939358746444,1.3190490144566989,0.3644880495306561,0.5426690001379997,48149.37015700014,0_30_0x1100_135_400k
94,117.5,31.2,45.3,68.7,76.5,117.5,155.6,166.8,188.0,3.548833105270237,0.2937000407052186,0.15738188558159916,8.496844294365549e-05,1.6630238579061212,1.5304871182017952,0.34284848882484875,0.4636405350672355,45911.141991999975,0_100_0x1100_135_400k
95,78.7,24.7,41.1,55.6,57.9,73.5,104.0,118.8,172.0,3.26550925459292,0.46205592271433465,0.2724348019868918,2.0705855603258768e-08,1.9373905742307147,1.1405703041484345,0.3501944829274174,0.571844638693435,48661.72916499985,0_20_0x1100_135_400k
96,126.8,107.7,41.1,64.3,70.8,100.1,185.5,272.1,635.8,3.317612688915927,0.4826246710068562,0.19976180618786352,8.338893551504741e-07,1.6557448225982951,1.4850750548375595,0.34453037940562964,0.5146497431585131,51701.443894,0_40_0x1100_135_600k
97,142.1,61.2,45.3,78.3,87.9,134.1,191.7,226.3,384.7,3.4112449934277405,0.4569844772045554,0.13176856430803646,1.9650596687614825e-06,1.7116653529408878,1.5175727556892462,0.31158545626323075,0.45917643510663597,50282.50123900005,0_100_0x1100_135_600k
98,290.8,103.4,49.8,125.4,155.3,293.3,418.7,449.6,535.1,3.566010655662864,0.3709717619970818,0.06050016925881138,0.0025174130812429638,1.782947665246136,1.5807230863547777,0.28493480541111404,0.35139444298796807,46968.89126399995,0_350_0x1100_135_600k
99,255.0,91.4,45.3,111.7,135.5,254.9,367.9,400.3,480.2,3.511624484626556,0.41899301663287014,0.0670564426499798,0.002326056090592861,1.7665839424729382,1.5879219358651304,0.28356640782381115,0.36192771383812045,47547.76753900007,0_300_0x1100_135_600k
100,134.2,141.2,41.1,62.1,68.1,97.0,205.1,331.7,795.3,3.9824994704001218,0.013202361513610598,0.004298087757765275,8.032849971263602e-08,1.6691109451529667,1.4387841788180953,0.34885851323957506,0.5432463627893642,52341.02242799991,0_30_0x1100_135_600k
101,192.1,69.6,45.3,91.4,108.0,189.6,273.4,299.3,392.4,3.4767208085024413,0.42845679059735436,0.09344702080250315,0.0013753800977002332,1.740075107693786,1.5845562525634804,0.2786139546449236,0.3967546850978118,48940.19977700003,0_200_0x1100_135_600k
102,124.0,86.0,41.1,67.4,74.5,104.5,175.5,239.8,523.2,3.3491699641217973,0.47724917044385523,0.17358081229992733,5.313441824299114e-08,0.34013453686175654,1.6623236130843628,1.4908051422820254,0.506736707771856,51350.231513999985,0_50_0x1100_135_600k
103,224.4,78.9,45.3,103.2,122.7,223.8,323.1,352.2,430.8,3.4906908477401313,0.42474290177723617,0.08367775021767178,0.0008885002649601917,1.756652381428518,1.5849532707932632,0.2834096776246905,0.3749846701535269,48044.051461000054,0_250_0x1100_135_600k
104,147.6,189.0,41.1,59.6,64.1,95.1,241.1,424.0,1054.2,3.2678832332619874,0.49394069929015194,0.23817580709326455,2.603545953638181e-07,1.747176312965617,1.3087857475989977,0.3517141618134973,0.59232377762189,52348.05920499994,0_20_0x1100_135_600k
105,184.8,275.4,41.1,58.6,63.1,104.7,333.2,610.1,1485.6,3.193928894815009,0.5245924828616655,0.2814786093199452,1.3003379960564438e-08,2.0079730569845076,1.0631790781531572,0.3280053092997897,0.6008425555625461,52666.53941200003,0_10_0x1100_135_600k
106,245.5,441.1,41.1,55.7,60.9,117.1,467.9,935.4,2397.3,3.2156866304450054,0.5246804883565336,0.2596324509360449,4.302624148056147e-07,1.9545816308844188,1.1566428440500645,0.3384915164677485,0.5502840085977688,52679.300368,0_2_0x1100_135_600k
107,305.8,115.4,45.3,118.2,150.1,307.6,451.6,486.4,571.6,3.5444896956340513,0.3790676536145095,0.07568129858256872,0.0007613521688765968,1.8000064912552936,1.57526641228173,0.28415550107284426,0.34057159539013265,47181.397756999955,0_400_0x1100_135_600k
108,63.7,10.7,41.1,50.4,51.5,61.6,78.7,83.4,94.2,3.656073899395152,0.1999078658475387,0.14399816264123969,2.0072116071137433e-05,1.994996297592674,1.0928430797902318,0.3722938556676397,0.5398667669494531,45858.784044999804,0_30_0x1300_135_200k
109,250.8,99.9,41.1,93.0,113.2,252.7,384.1,402.3,440.3,3.5798489715819377,0.2665642399410407,0.13047576695484175,0.02311102152218283,1.6921700481587005,1.5633196996267196,0.33571879852856984,0.4087914536860093,41839.58048199999,0_350_0x1300_135_200k
110,75.5,16.5,41.1,52.0,54.6,74.6,98.9,104.0,113.7,3.5420489884975086,0.28372422831168476,0.17406540854840688,0.00016137464240237702,1.7810038917242115,1.3096985645639494,0.40300186647129616,0.5062956772405405,45022.95368800004,0_50_0x1300_135_200k
111,222.9,86.2,45.3,86.4,104.9,224.1,338.6,357.4,389.2,3.516056062527595,0.30762865595189787,0.15039715075317855,0.025918130767331043,1.687742069788789,1.5488675181725082,0.34364177752832414,0.41974863451038175,42346.84958899999,0_300_0x1300_135_200k
112,58.5,7.9,41.1,50.2,50.9,56.9,68.9,73.8,86.0,3.9931996279525985,0.00455517026389837,0.0022451786896404216,2.3093863536254343e-08,2.294147382104687,0.9014327690853716,0.5649305538527354,0.23948929495720625,46209.43247999999,0_10_0x1300_135_200k
113,60.4,8.3,41.1,50.4,51.3,58.8,71.9,77.0,86.8,3.5889401253439455,0.16625410067323948,0.24480574110293019,3.287988577937551e-08,2.166207190208744,0.9691245623956805,0.31329237581958824,0.5513758715759878,45603.053562000016,0_20_0x1300_135_200k
114,68.8,13.7,41.1,50.6,52.1,66.9,87.4,93.0,103.3,3.5431281922712947,0.2749057961119673,0.18196516846467456,8.431520636284441e-07,1.8839107669331294,1.2021771189358932,0.39328601124188467,0.5206261028890925,45269.76554399982,0_40_0x1300_135_200k
115,55.2,8.5,37.4,46.0,46.9,53.4,65.8,71.9,85.9,3.65331199961659,0.2042372947201974,0.1424471791291334,3.5265340751333955e-06,2.118223351974756,1.0321499489979018,0.33702217828201353,0.5126045207453312,45837.75941899989,0_2_0x1300_135_200k
116,107.1,30.4,41.1,58.6,65.1,107.3,148.4,154.7,170.6,3.5425431656989432,0.28238289310276565,0.16357341638820982,0.01150052481008301,1.6265424277606741,1.544107959180582,0.37378833186905946,0.45556128118968375,44286.287431999925,0_100_0x1300_135_200k
117,166.1,58.1,45.3,74.1,86.2,167.3,243.8,257.1,276.6,3.5707753964013254,0.2597058599273483,0.1430519519687011,0.026466791702625305,1.680025821506885,1.5379604215820617,0.3514290416814878,0.4305847152295672,42870.843736999996,0_200_0x1300_135_200k
118,195.3,72.4,45.3,80.3,96.0,196.7,291.6,304.2,333.0,3.5651014365803224,0.26580624719539014,0.14468855007756481,0.024403766146717867,1.684048161598621,1.54952169635356,0.34668620362941965,0.4197439384184006,42566.03674100002,0_250_0x1300_135_200k
119,277.9,115.5,41.1,96.6,119.0,280.0,431.4,455.5,487.5,3.5592569752434686,0.40913241169311365,0.02811735683263128,0.0034932562307859265,1.7051174669779652,1.5604412606103186,0.3313821788610236,0.4030590935506956,42026.18674100013,0_400_0x1300_135_200k
120,112.9,30.1,41.1,64.9,73.0,113.2,152.1,160.5,178.5,3.0586091118444614,0.8267914036246241,0.11403771642746954,0.000561768103443657,1.6634045330823812,1.5367612777189033,0.34139839430326197,0.45843579489545466,49650.52428100002,0_100_0x1300_135_400k
121,73.6,16.7,41.1,52.8,55.8,72.1,92.9,101.6,126.7,3.2475265160708005,0.49610426091868215,0.2563691931954021,2.981511303772655e-08,1.7874663103429433,1.3225330442283585,0.3610814999127617,0.5289191455159359,52333.21461099989,0_30_0x1300_135_400k
122,69.6,17.4,41.1,51.5,53.8,65.9,87.7,98.4,131.5,3.2637103283099638,0.4564469729573115,0.2798419456632959,7.530694253012318e-07,1.94266522464559,1.1381779704758854,0.3526708751375416,0.5664859297409823,52576.62638800002,0_20_0x1300_135_400k
123,171.6,57.4,41.1,79.8,93.6,172.9,247.1,263.5,292.7,3.606631182425249,0.27374404861564516,0.11168784145947624,0.007936927499631572,1.6864088057431337,1.573685122873135,0.31756789450837636,0.42233817687535374,47881.12942800006,0_200_0x1300_135_400k
124,296.2,113.2,45.3,113.5,142.1,299.7,442.1,473.3,528.9,3.5783872484021195,0.3264509126848301,0.08061730597227271,0.014544532940776553,1.7756790271055451,1.5673775235306417,0.2973432419570651,0.3596002074067468,45767.233109999914,0_400_0x1300_135_400k
125,247.3,86.8,41.1,109.4,131.0,248.9,359.8,384.2,429.3,3.5403737982460064,0.35018603929824405,0.08592756184974122,0.023512600606009963,1.715516499031768,1.5962605076090093,0.29637991839131206,0.39184307496791193,45941.77930299987,0_300_0x1300_135_400k
126,77.9,16.9,41.1,54.0,57.4,77.0,98.3,105.6,127.1,3.3998648205602935,0.3832498190981539,0.21635756971438463,0.0005277906271695845,1.70145582477943,1.422104874827051,0.36179278986149904,0.5146465105320195,51859.58621099981,0_40_0x1300_135_400k
127,268.2,99.5,37.4,109.0,133.3,270.2,398.1,425.8,475.2,3.574911931507723,0.34230419733503786,0.07084683800165863,0.011937033155583275,1.713220996011677,1.5932310247432397,0.3044247606873973,0.38912321855768656,45848.74844700005,0_350_0x1300_135_400k
128,201.8,71.7,45.3,87.5,104.5,203.0,296.7,316.8,352.9,3.5525442727022623,0.34361625111994387,0.0926512372892252,0.011188238888573648,1.6995994781395218,1.5840968931759043,0.30655676702305384,0.4097468616615206,47282.107658999965,0_250_0x1300_135_400k
129,67.5,18.6,41.1,50.8,52.2,62.8,87.0,99.4,135.4,3.3024609238031895,0.2757639795840287,0.42177472870598026,3.679068026520658e-07,2.1585601056321613,0.9733166682174103,0.29977939327076086,0.5683438328796685,53032.624872999964,0_10_0x1300_135_400k
130,66.4,24.1,41.1,47.0,49.0,60.4,89.1,104.4,149.8,3.3024045412092566,0.466784252252587,0.2308111908423721,1.5695783201232798e-08,2.0295564139542797,1.0951602640047473,0.33855701350780265,0.5367263085331703,53097.84784200022,0_2_0x1300_135_400k
131,84.3,23.9,41.1,55.9,60.4,83.2,106.1,114.2,133.7,3.429613788013894,0.1984639851772816,0.37192000298764594,2.223821177618158e-06,1.669989657391513,1.4781364942271111,0.35545077907183187,0.4964230693095442,50887.24218500004,0_50_0x1300_135_400k
132,104.2,88.4,37.4,55.7,59.4,81.0,154.1,218.5,505.7,3.3003646006805685,0.46404775809615606,0.23558744407598292,1.9714729483859784e-07,1.7555947181275888,1.3060472257605866,0.3539655886401601,0.5843924674716662,57568.23442799994,0_20_0x1300_135_600k
133,120.5,133.0,41.1,54.8,57.7,83.7,193.4,301.6,733.5,3.9941981331706096,0.0044730498673296575,0.0013288110121085902,5.949951805237208e-09,2.0077005467254154,1.0652693452979192,0.3286451188408389,0.5983849891358282,58481.66599599997,0_10_0x1300_135_600k
134,317.3,111.0,45.3,135.6,168.4,321.0,461.4,488.4,554.6,3.5678324076228303,0.3674102905187794,0.061072375019711085,0.0036849268386805463,1.7837285926107969,1.5770289347227078,0.28866570797601615,0.3505767646904779,50056.95398300009,0_400_0x1300_135_600k
135,103.3,43.9,41.1,62.9,69.1,96.2,138.1,165.3,278.6,3.653749768420081,0.2987079951097605,0.047526483466646716,1.5753003513959116e-05,1.6591762093611535,1.5015098990649245,0.3414484055219999,0.49786548605192305,56401.431734999904,0_50_0x1300_135_600k
136,253.1,86.4,45.3,114.1,138.2,254.8,363.2,392.1,449.0,3.5871780031218248,0.3357225262174896,0.0721747241292246,0.0049247465314617885,1.7759183951766047,1.5779640606306866,0.28588223938398577,0.3602353048087223,51189.62552899991,0_300_0x1300_135_600k
137,284.4,97.9,45.3,125.2,153.7,287.0,408.8,438.4,490.3,3.579878997565005,0.35470856242430465,0.058155141672490654,0.0072572983382017875,1.7540563451866324,1.5962745315422975,0.2888024189272676,0.36086670434380147,50407.67360500005,0_350_0x1300_135_600k
138,99.9,62.9,41.1,58.0,62.7,84.9,140.2,183.3,376.1,3.758859398625173,0.20666078339214833,0.03447837302393621,1.4449587426146956e-06,1.6748278050460434,1.443853464090855,0.34914135061944584,0.5321773802436569,57449.65604000015,0_30_0x1300_135_600k
139,183.4,62.1,41.1,86.7,102.6,183.2,263.3,284.4,333.3,3.484412291707049,0.4299724869918557,0.0832653262087706,0.0023498950923253547,1.728319265163543,1.595042182592616,0.28541611847380494,0.3912224337700349,52862.81923400001,0_200_0x1300_135_600k
140,214.6,75.2,45.3,94.9,115.5,214.3,311.2,335.3,396.5,3.4957301539070436,0.4275086355257967,0.07023988293514855,0.006521327632011535,1.756040532367451,1.6014520916103594,0.27912574278619523,0.36338163323599487,51983.47940700009,0_250_0x1300_135_600k
141,128.5,42.0,41.1,73.5,81.8,125.4,171.1,188.7,264.1,3.4025701330036324,0.46198361226082457,0.135438558292979,7.69644256377156e-06,1.6975864983810736,1.53487294529705,0.3152577994503261,0.45228275687155145,54828.08899099997,0_100_0x1300_135_600k
142,101.4,52.1,41.1,60.3,65.7,90.1,139.1,175.2,334.9,3.3401106606948856,0.47420751504700104,0.18561957860062872,6.224565748064996e-05,1.6550670418824365,1.488086499881923,0.3462255717423567,0.5106208864932877,56832.55618899994,0_40_0x1300_135_600k
143,149.6,224.7,37.4,51.0,54.6,87.1,250.3,469.7,1248.5,3.9507890984451755,0.044537724077643503,0.004672726920332478,4.5055684908180976e-07,1.970672829339367,1.145143573817511,0.3366037641097309,0.547579832733389,58664.612986999986,0_2_0x1300_135_600k
144,219.8,86.6,37.4,83.1,100.7,221.6,335.5,355.6,386.4,3.5272432355838124,0.27739052083953897,0.15425789551061367,0.04110834806603354,1.687582106866013,1.5465539004719717,0.3430001655487442,0.42286382711326964,45504.063005999924,0_300_0x1500_135_200k
145,56.2,6.6,37.4,49.0,50.2,54.7,65.0,69.5,78.9,3.6052386724519114,0.1531376848452779,0.24162310966947623,5.330333327461958e-07,2.316690599781858,0.8950982777892892,0.5560990571008094,0.2321120653280412,49850.693280000094,0_10_0x1500_135_200k
146,277.2,115.2,41.1,94.4,117.3,280.1,430.6,454.5,487.4,3.6411640448216764,0.21793764074302213,0.11235876728218824,0.028539547153112483,1.7038117285479364,1.5600733149940955,0.33094859642214747,0.40516636003582135,44916.21631500001,0_400_0x1500_135_200k
147,164.3,58.2,41.1,71.7,83.8,165.9,241.7,252.9,275.6,3.5211317743819115,0.2814688788734654,0.15718590752876938,0.04021343921585512,1.6749191332826547,1.5408974774574522,0.3537542102501858,0.43042917900970873,46500.139204000036,0_200_0x1500_135_200k
148,66.7,13.2,37.4,49.5,51.0,64.9,85.5,89.3,97.0,3.5289267903351007,0.2845823055465947,0.18648744426591127,3.459852394973365e-06,1.8942580559272586,1.2004722509337242,0.39242433070775185,0.5128453624312668,49304.7054600002,0_40_0x1500_135_200k
149,72.4,16.3,41.1,50.3,52.0,71.5,95.3,100.6,107.4,3.5519248919238726,0.26811451017436283,0.17943750632616068,0.0005230915756041515,1.7883983285209464,1.3144927423792563,0.4002954626576494,0.49681346644214835,49044.072224,0_50_0x1500_135_200k
150,61.2,10.2,37.4,48.3,50.3,59.2,76.5,79.5,87.7,3.5443990549070854,0.2721101161857132,0.18349006823178957,7.606754124076616e-07,1.9984203773436606,1.0875379498008784,0.3708020453328086,0.5432396275226538,49582.435165999996,0_30_0x1500_135_200k
151,103.9,30.5,41.1,55.5,61.6,104.3,145.1,152.6,168.8,3.5133735247975806,0.2877215145851878,0.17615864601917816,0.022746314598054207,1.6264292920524712,1.5409151687337277,0.3739992672197972,0.45865627199400366,48024.59703600002,0_100_0x1500_135_200k
152,249.1,101.3,41.1,90.1,110.6,251.0,384.4,402.4,438.9,3.573177682232023,0.25942298755200965,0.13303346018485998,0.0343658700311054,1.693680000608087,1.5620976127696582,0.334400086389662,0.4098223002325958,44995.09132800016,0_350_0x1500_135_200k
153,52.1,7.1,37.4,43.8,45.5,50.5,61.2,65.9,78.1,3.9349108016356125,0.04457381572662461,0.020488670013136326,2.67126246288157e-05,2.109112955415055,1.0237301181841678,0.3377525354017488,0.5294043909990276,50362.98921400009,0_2_0x1500_135_200k
154,193.3,72.6,45.3,78.7,93.8,194.2,290.6,303.5,332.5,3.893111185350498,0.05394030092023486,0.04095961706670377,0.011988896662559282,1.6825703600511093,1.5481628249335853,0.34730130013624305,0.42196551487906236,46331.12748000008,0_250_0x1500_135_200k
155,57.1,7.5,37.4,47.3,49.6,55.6,67.1,71.8,79.8,3.5468255741443073,0.28336986328268476,0.1698016927715521,2.869801462804915e-06,2.1605988817498716,0.9715141831822868,0.31557348143177893,0.5523134536360662,49760.88920200003,0_20_0x1500_135_200k
156,235.0,85.8,41.1,99.2,118.8,236.4,348.7,367.8,404.8,3.7308907721531277,0.22805366027131263,0.034129615341207724,0.006925952234349804,1.7058217582809394,1.5897592805924163,0.30462820623407694,0.39979075489256366,50072.281514,0_300_0x1500_135_400k
157,64.0,13.4,34.0,49.9,51.3,61.7,78.8,86.1,109.2,3.3116752037691795,0.4216206185282959,0.2667035358586741,6.418438521270515e-07,1.9537149964309204,1.137156297006156,0.35310144623100853,0.5560272603319174,57141.92543599999,0_20_0x1500_135_400k
158,169.9,58.3,41.1,77.5,91.0,171.5,245.9,261.7,290.0,3.5145190688446135,0.33808249210897395,0.12480371618072603,0.022594722865689084,1.6928456483009011,1.5720828147920094,0.3156472465245783,0.41942429038251133,51998.61533700001,0_200_0x1500_135_400k
159,69.7,13.4,41.1,51.5,54.0,68.5,86.0,92.9,110.8,3.4013587140454673,0.2406095784925213,0.35803116168493454,5.457770757473993e-07,1.7826726463568763,1.3203244907505456,0.36581653081383697,0.5311863320787413,56520.52526799994,0_30_0x1500_135_400k
160,196.5,72.3,41.1,82.6,99.6,197.2,292.1,309.1,343.1,3.553932079942711,0.33296076862131463,0.0947052368295883,0.018401914606387976,1.6899502968496096,1.5717102149417668,0.3133592568628093,0.42498023134581475,51206.57950300016,0_250_0x1500_135_400k
161,79.3,17.0,41.1,53.0,56.9,78.8,101.7,106.2,120.8,3.735086343912987,0.12024175480935553,0.1446694730123568,2.428265301397152e-06,1.6726152907346927,1.4835457363718076,0.35610351574028426,0.487735457153216,55449.14694899993,0_50_0x1500_135_400k
162,61.9,13.6,37.4,48.5,50.4,58.5,77.9,86.4,112.5,3.328648599279974,0.25804608698786585,0.4133048784967586,4.3523540440488464e-07,2.167469596380633,0.9687136451074145,0.2963134852153002,0.5675032732966542,57767.180865,0_10_0x1500_135_400k
163,279.7,113.2,41.1,99.7,124.6,281.9,430.1,456.5,496.9,3.5395827866270846,0.35371394447305965,0.09163337041419602,0.01506989848565963,1.739286708091496,1.5780467587135527,0.3078389046197538,0.3748276285751947,50197.89393400008,0_400_0x1500_135_400k
164,263.3,99.1,41.1,103.2,128.1,265.5,393.5,419.0,464.6,3.5472253799735474,0.3425752593898866,0.09233627947145344,0.017863081165115847,1.785427896941248,1.5550385941693368,0.29616694914326025,0.36336655974615467,49549.14850299998,0_350_0x1500_135_400k
165,109.0,29.4,41.1,61.8,69.2,109.2,148.5,155.0,170.8,3.5507144669162836,0.30073683321545525,0.14633844394985562,0.0022102559184099314,1.6604197354689145,1.5357459281288286,0.34468159601792875,0.45915274038432774,53739.79903200001,0_100_0x1500_135_400k
166,73.8,15.8,37.4,51.7,54.9,73.6,92.9,98.7,115.3,3.5882116489858853,0.2650172017431332,0.146644072751902,0.0001270765190795195,1.708104172736011,1.41715236363071,0.36189311783804706,0.5128503457952318,56309.60575099979,0_40_0x1500_135_400k
167,59.3,15.0,37.4,45.4,46.5,55.7,76.9,86.3,113.8,3.3624859746612663,0.41248248068136817,0.2250313087225757,2.359347911192002e-07,2.045660449232273,1.0861970619014323,0.33600377982302787,0.5321387090432642,57914.124192000134,0_2_0x1500_135_400k
168,82.9,40.9,37.4,52.8,56.0,73.2,114.6,141.1,254.9,3.286537352870068,0.47882205644406783,0.23463995694327006,6.337425953981145e-07,1.7685412846833606,1.3078676565945897,0.3555871019738268,0.5680039567482228,63053.49576500006,0_20_0x1500_135_600k
169,283.0,97.9,41.1,125.6,151.5,285.4,407.4,437.2,496.2,3.5532882664222,0.3686928344847852,0.06357230332526033,0.014446595767755907,1.7532415602744922,1.5988964891769075,0.2892255115719411,0.35863643897665826,53989.93794999999,0_350_0x1500_135_600k
170,170.9,59.0,41.1,77.9,91.9,171.5,247.5,267.0,302.3,3.4602792465696663,0.4334009225409577,0.09917472203565444,0.007145108853722658,1.7159744441457159,1.5902872975968942,0.29141919637257907,0.40231906188480815,57572.73238500013,0_200_0x1500_135_600k
171,295.3,111.5,41.1,112.8,143.5,298.7,438.5,470.8,529.5,3.526937585971997,0.3891563564781955,0.07850455767042763,0.005401499879377661,1.76972183733914,1.5852338327017068,0.2934045340469669,0.3516397959121875,55220.80821100004,0_400_0x1500_135_600k
172,118.9,33.8,41.1,68.5,76.4,118.0,159.3,170.9,206.3,3.3895253145888686,0.47039419144778283,0.14004454748376882,3.5946479582483383e-05,1.6914544746202553,1.5445755531690242,0.31752679695925995,0.4464431752514603,59485.71599200005,0_100_0x1500_135_600k
173,89.2,30.9,37.4,57.8,62.5,84.1,116.1,134.7,207.4,3.6834080051411418,0.2949330986759939,0.02162436727802752,3.4528904834188436e-05,1.6562508093433108,1.4926680815145723,0.3466372484434436,0.5044438606986739,62244.38853199998,0_40_0x1500_135_600k
174,103.1,113.1,37.4,48.3,51.3,73.7,159.4,244.7,635.7,3.2601145284076756,0.5062928468662631,0.23353776331026685,5.486141579690457e-05,1.9803075291183752,1.1355537035017262,0.3364279889583847,0.5477107784215158,64367.7276500001,0_2_0x1500_135_600k
175,89.9,63.7,41.1,51.9,54.9,73.4,132.1,175.3,376.3,3.830378692356473,0.1438896767369202,0.02573160493456386,2.59720461361046e-08,2.011585302578047,1.0627233665913858,0.32935223570246097,0.5963390951281087,64175.553616000005,0_10_0x1500_135_600k
176,211.6,73.0,41.1,93.9,113.8,212.0,305.7,330.3,374.1,3.4558488159544223,0.46047447283041,0.07241293695618728,0.011263774258980395,1.7568887975863205,1.596676752221979,0.2827314310616967,0.36370301913000536,56205.25256299999,0_250_0x1500_135_600k
177,256.4,84.1,45.3,121.4,144.0,258.0,365.2,391.6,439.2,3.5617080343157204,0.3588362099469558,0.060880567611975245,0.018575188125349876,1.726940654792853,1.6139914115090488,0.2885258747780517,0.3705420589200489,54480.47292700014,0_300_0x1500_135_600k
178,91.4,26.6,41.1,58.7,64.1,88.6,117.1,130.5,185.2,3.333726332311203,0.4878363950849638,0.178437236079837,3.652399404876362e-08,1.6569067243574966,1.5026346841610787,0.34312779990095654,0.4973307915804683,61155.354251000055,0_50_0x1500_135_600k
179,84.4,33.7,41.1,55.2,58.7,77.6,112.6,133.0,221.7,3.294437508009902,0.48661310903606253,0.21894909567405194,2.8727998140895693e-07,1.6789403197595774,1.4491250803655644,0.3506974672790247,0.5212371325958337,62440.797673999914,0_30_0x1500_135_600k
180,50.3,6.3,37.4,42.2,43.3,49.0,58.9,62.8,72.6,3.6629649520677234,0.13743957489948905,0.19959531934406813,1.5368871973290633e-07,2.1203212655156123,1.0248219209103737,0.33494883958108185,0.5199079739929324,54224.42823299997,0_2_0x1700_135_200k
181,53.9,5.9,37.4,46.3,47.5,53.1,61.6,65.4,74.6,3.6067301597606862,0.245763430180143,0.14750635492082106,5.513835046732673e-08,2.318847353121302,0.8967162383886916,0.5539567638058742,0.23047964468413015,53942.89566499999,0_10_0x1700_135_200k
182,190.7,72.7,41.1,75.9,90.8,191.8,288.3,301.3,330.4,3.5036460105896428,0.2740004120207361,0.1648706205634226,0.05748295682619486,1.6911165420893213,1.5455174195487,0.34455759610977177,0.4188084422522064,49606.70389399995,0_250_0x1700_135_200k
183,272.7,116.7,37.4,90.7,113.2,273.7,428.3,450.1,486.4,3.5155820777749858,0.2933078396269747,0.1448421471914197,0.04626793540662186,1.6940076723961608,1.5393610371200446,0.3379991765541432,0.428632113929648,48449.087190999795,0_400_0x1700_135_200k
184,55.9,7.0,37.4,46.5,48.0,54.5,65.5,69.9,78.1,3.9820848271052807,0.010792611591003231,0.007122290006296348,2.7129742027131213e-07,2.15425526662399,0.9757471050679578,0.32076798809943646,0.5492296402086123,54162.07415500016,0_20_0x1700_135_200k
185,59.5,9.9,34.0,46.5,48.1,57.5,74.4,78.1,85.7,3.5522672078012456,0.264315128274409,0.1834147224546612,2.941469683763348e-06,2.0001519777288994,1.0879019636638294,0.37159636512281313,0.5403496934844587,53631.841658999976,0_30_0x1700_135_200k
186,162.0,58.4,41.1,69.7,81.5,163.0,240.3,250.6,275.4,3.5015243523597372,0.27551584223573716,0.16617427405034982,0.05678553135417648,1.6776919094099723,1.5381027835172982,0.35477744625633567,0.4294278608163921,49975.9715420001,0_200_0x1700_135_200k
187,70.8,16.2,37.4,48.7,51.0,69.4,93.9,97.9,106.1,3.5514183546513807,0.27115579754359104,0.17536009895152047,0.002065748853510912,1.7769470832252656,1.3205847203237473,0.4034460400343391,0.4990221564166477,52931.59783200003,0_50_0x1700_135_200k
188,102.7,30.7,41.1,54.3,60.4,103.0,143.3,152.0,169.2,3.517376449011259,0.2658014605381631,0.1781376174573457,0.0386844729932303,0.3750125464661979,0.45790260053558834,1.6250044532173895,1.542080399780826,51760.172193000006,0_100_0x1700_135_200k
189,218.4,87.0,41.1,81.4,99.5,219.8,334.4,354.5,383.7,3.519641153928335,0.25674909340510166,0.16727201254157148,0.05633774012499325,1.6958575444265236,1.549730422649593,0.3409371020170401,0.413474930906843,49136.62996399998,0_300_0x1700_135_200k
190,64.4,13.0,37.4,46.8,48.7,62.3,83.3,87.0,95.6,3.5327095095581464,0.28061934961364815,0.18665768647229364,1.3454355911255588e-05,1.8862222774726503,1.2057714590779298,0.39503434666886683,0.5129719167805549,53305.51642500001,0_40_0x1700_135_200k
191,248.7,102.1,41.1,88.8,109.5,250.3,384.3,402.6,439.5,3.522299575211949,0.275578520526241,0.15668697440104237,0.04543492986076991,1.7063455464788224,1.5475588221100276,0.33586394254803753,0.4102316888631125,48299.47554099996,0_350_0x1700_135_200k
192,71.7,14.1,37.4,50.6,53.5,71.7,89.3,95.1,106.5,3.4492510361117716,0.2171658787393131,0.33358072000012146,2.3651487940838073e-06,1.7144440769030886,1.4180284151676095,0.36291538057343736,0.5046121273558627,60604.80942600005,0_40_0x1700_135_400k
193,55.4,11.9,37.4,43.0,45.0,52.8,69.5,77.4,97.0,3.416430857105079,0.20388795436518134,0.37968037771839336,8.108113421487432e-07,2.048038966123407,1.080987187251502,0.3364003554075757,0.5345734912175134,62843.401821999956,0_2_0x1700_135_400k
194,57.7,10.4,37.4,46.4,47.8,55.6,70.4,77.1,95.9,3.8324130162597716,0.10607525486455623,0.06151100106353877,7.27812135020895e-07,2.171124234281777,0.9680641108891558,0.29544052043094965,0.5653711343981209,62713.2101929998,0_10_0x1700_135_400k
195,220.6,85.4,37.4,84.1,103.4,222.7,332.7,355.3,392.3,3.4824791183715553,0.39104879935616177,0.10181153755375476,0.024660544718529884,1.7020219357787114,1.5832957678720645,0.31105828279696773,0.40362401355225647,54981.54797200004,0_300_0x1700_135_400k
196,60.8,10.9,37.4,47.4,49.9,59.0,74.4,79.7,98.0,3.9402523993863587,0.04466806431083879,0.015079320793982965,2.1550882250415726e-07,1.9559288285327665,1.1375854193825905,0.3557779701436178,0.5507077819410239,62321.389137,0_20_0x1700_135_400k
197,108.1,29.4,37.4,61.2,68.0,108.4,147.6,154.0,169.6,3.607017462245705,0.24791787433482831,0.13908382871481378,0.005980834704653911,1.662205955814219,1.5338030192114922,0.34368709089644256,0.46030393407784764,57941.02793699995,0_100_0x1700_135_400k
198,287.3,120.1,37.4,105.9,131.3,289.1,436.9,466.3,516.7,3.496080340796383,0.3814049698018292,0.09062380883847378,0.03189088056331163,1.721028130859484,1.5849903032566308,0.30773254054872445,0.3862490253351627,52598.80251099999,0_400_0x1700_135_400k
199,256.5,99.3,45.3,98.3,120.7,258.0,387.8,409.5,455.1,3.5188570998647535,0.34248098655364073,0.10554617658449773,0.03311573699711202,1.745024924581341,1.5737982745182475,0.3032908651351447,0.37788593576526736,53423.152363000016,0_350_0x1700_135_400k
200,76.7,16.1,37.4,51.4,55.1,76.7,97.5,103.5,114.6,3.5455937639838515,0.17466087389322915,0.2797365881340102,8.77398891156865e-06,1.6724567907018293,1.4851485818324919,0.3564804874142977,0.4859141400513816,59625.505055999965,0_50_0x1700_135_400k
201,193.7,71.7,41.1,80.6,97.0,194.4,289.3,303.6,336.2,3.5398458153186896,0.328934996659573,0.1027520665727915,0.0284671214489454,1.6916731459836158,1.5714781694883608,0.3152550523760309,0.42159363215199175,55202.92191300004,0_250_0x1700_135_400k
202,164.4,57.5,37.4,73.3,86.0,164.9,240.8,251.9,281.8,3.5886368858855238,0.2580090338230968,0.1158962179527126,0.03745786233866568,1.6851862379910065,1.564172984339676,0.3197998246355023,0.4308409530338148,56090.012888000114,0_200_0x1700_135_400k
203,65.9,12.4,37.4,49.4,51.4,64.8,80.2,86.4,102.4,3.797252298383827,0.0881113140768586,0.11458721551830285,4.9172021011276835e-05,1.785610582240573,1.3185471680918484,0.3675662491696432,0.5282760004979333,61384.611283000006,0_30_0x1700_135_400k
204,252.0,83.7,45.3,116.9,139.4,253.9,360.7,386.3,434.5,3.5115075911049782,0.3760082494774737,0.08260242862266885,0.029881730794881597,1.7403766972445465,1.6137123677768825,0.2840217321092271,0.3618892028693451,58180.51985399994,0_300_0x1700_135_600k
205,170.1,58.4,41.1,77.5,91.8,170.5,246.5,264.8,299.6,3.450292173179551,0.45788954921359565,0.0824699208316089,0.009348356775246616,1.7205800913467408,1.5936596432827792,0.29240183807933645,0.39335842729114623,61963.9171200002,0_200_0x1700_135_600k
206,275.8,97.9,45.3,118.8,144.4,278.3,402.0,431.3,482.9,3.60133172017068,0.3212991398526022,0.06157912838136714,0.015790011595351358,1.7398151860516444,1.6003321178529253,0.2960360026867488,0.3638166934086827,58459.86301000012,0_350_0x1700_135_600k
207,305.5,109.9,41.1,126.8,157.6,308.0,446.3,478.6,535.0,3.513155080762394,0.3814035431480756,0.0832987410873767,0.02214263500215303,1.8228126416907384,1.5587419669590161,0.28520863881841946,0.3332367525318266,58166.26519100004,0_400_0x1700_135_600k
208,81.7,60.4,34.0,47.3,50.0,66.1,119.4,156.1,344.5,3.271634626809148,0.45777833899461273,0.27058701444697464,1.974926547144406e-08,1.991730453373199,1.1271730644300584,0.3352003505778031,0.545896131618937,70336.14625800005,0_2_0x1700_135_600k
209,75.6,35.6,37.4,50.2,52.1,65.8,106.4,129.7,223.6,3.2734235762485984,0.46215765220025656,0.2644187382863825,3.326475925544792e-08,2.017400681947713,1.0589568070657793,0.32978120890528206,0.5938613020812288,69998.84169500016,0_10_0x1700_135_600k
210,208.1,72.9,41.1,92.1,111.2,208.0,302.9,326.4,367.4,3.4541666427211024,0.41068856803969284,0.10046983925991482,0.03467494997929155,1.7212196182205137,1.6143352458461093,0.2877652822380066,0.37667985369536844,59659.23769000004,0_250_0x1700_135_600k
211,74.6,25.7,37.4,51.4,54.6,69.1,98.9,115.3,178.6,3.7859009492160385,0.1893021190086682,0.024796661321651942,2.7045364389718574e-07,1.777239142862306,1.3067217306415644,0.35580820978456396,0.5602309167115664,69235.07198000001,0_20_0x1700_135_600k
212,113.8,31.9,41.1,65.2,73.4,113.1,153.2,164.1,188.5,3.3942277724339016,0.46227863800823055,0.1432972817105576,0.00019630784730984458,1.6844240702804272,1.5387183114241771,0.3227130815179149,0.45414453677748134,64354.26531599989,0_100_0x1700_135_600k
213,81.2,23.2,37.4,54.8,58.5,78.7,103.6,114.5,159.1,3.3033052838910675,0.4972079179004178,0.19907818572194483,0.0004086124865694239,1.6559171959410068,1.4920737010706895,0.3485736114781274,0.5034354915101743,67555.02803600006,0_40_0x1700_135_600k
214,86.5,22.2,41.1,56.7,61.6,84.9,110.8,119.5,154.2,3.3237474813686005,0.49089556750079166,0.18535437840608682,2.572724519681044e-06,0.34418997286237196,0.4890825619162417,1.6558036827984426,1.5109237824229436,66584.37956600005,0_50_0x1700_135_600k
215,76.5,22.3,37.4,52.3,55.9,73.4,98.8,111.9,156.0,3.768639288182235,0.2001613328802684,0.031198872241564035,5.066959310907353e-07,1.6799896054727377,1.449737327803979,0.3519947172691492,0.5182783494541362,68360.3606499999,0_30_0x1700_135_600k
216,58.0,9.6,37.4,45.8,46.9,56.1,72.3,76.7,83.3,3.5714265295774585,0.24803179219655874,0.18054162151361186,5.671236637788976e-08,2.0105701985885474,1.085102232311293,0.36898180175412104,0.535345767346037,58490.84265300003,0_30_0x1900_135_200k
217,54.1,6.7,34.0,45.6,46.5,53.1,63.7,66.2,74.7,3.5671556393252026,0.26356643464586016,0.16927650680722192,1.4192217181125524e-06,2.1476091417346943,0.9816295980065689,0.3234662063538317,0.5472950539049051,58660.10203700006,0_20_0x1900_135_200k
218,218.0,87.5,37.4,79.3,98.2,218.8,334.6,355.2,387.2,3.4855559340447453,0.06898865775505236,0.1911440959682541,0.25431131223194914,1.7046220195673407,1.5452512609565316,0.33841401744007527,0.4117127020360528,53038.545959999916,0_300_0x1900_135_200k
219,246.9,101.9,37.4,85.7,106.4,248.9,381.7,399.8,436.9,3.5154587668239565,0.05814465006236544,0.16977723679894818,0.2566193463147295,1.6999634834550208,1.5502664012566891,0.33849632945085356,0.4112737858374341,52419.92092599993,0_350_0x1900_135_200k
220,161.1,58.6,41.1,68.2,80.7,161.1,239.9,250.5,275.6,3.462091332572944,0.06817166548432273,0.18453001249384926,0.28520698944888334,1.6783949556492048,1.5391407959344967,0.3525587244123857,0.42990552400391413,54018.41207899997,0_200_0x1900_135_200k
221,52.0,5.4,37.4,45.5,46.2,51.3,59.2,62.4,70.7,3.603818285153902,0.23919309473603162,0.15698450420288337,4.115907187454695e-06,2.312426363383722,0.8958820600768604,0.5656592531117937,0.22603232342762278,58751.10055600022,0_10_0x1900_135_200k
222,63.5,12.9,34.0,46.4,48.0,61.3,82.2,86.1,93.9,3.575114802292012,0.25288371427837797,0.17194247745695368,5.9005972657431683e-05,1.8730328499883122,1.2142349673639996,0.4012341933556803,0.5114979892920066,57962.139365999996,0_40_0x1900_135_200k
223,269.9,116.3,41.1,86.4,109.4,270.9,425.8,444.8,484.0,3.5250470947715833,0.26987316723507504,0.14889268622114174,0.05618705177219742,1.7062734727618123,1.5569941636376456,0.3331225043545477,0.40360985924599746,51904.72810200011,0_400_0x1900_135_200k
224,101.6,30.9,37.4,53.2,59.2,101.9,142.1,151.6,170.1,3.4909846385867422,0.0640101829422501,0.19207007487785127,0.2529351035931594,1.625069428423435,1.5428562288957237,0.37460158501676677,0.457472757664075,55983.79755299978,0_100_0x1900_135_200k
225,189.1,73.4,41.1,73.7,87.9,190.2,287.5,301.0,330.8,3.4690992762435564,0.07157757244259108,0.19077318003113772,0.268549971282717,1.6889977235848794,1.5348761241907671,0.3490799591519824,0.4270461930723713,53623.066503999944,0_250_0x1900_135_200k
226,69.4,16.2,37.4,47.1,49.4,68.0,92.5,96.2,105.7,3.5975057083432445,0.2324588081398184,0.16378524453083648,0.00625023898610054,1.7623658840979588,1.331049188570201,0.40614057058996,0.5004443567418805,57481.28569899997,0_50_0x1900_135_200k
227,49.3,5.6,34.0,41.9,42.6,48.2,57.5,60.0,69.3,3.6307545245909134,0.229775007869837,0.13947037288190037,9.465734635911337e-08,2.1271710373536816,1.0203557960518341,0.33400845282820724,0.5184647137662752,59213.14426299997,0_2_0x1900_135_200k
228,55.9,9.4,34.0,45.9,47.0,54.1,66.1,72.5,89.4,3.4372564430776453,0.22825471464794028,0.33448722689752125,1.6153768934222783e-06,2.17893542463273,0.9645526102197017,0.2925111547002459,0.5640008104473223,67931.10407699997,0_10_0x1900_135_400k
229,63.4,11.3,34.0,47.1,49.8,62.5,78.2,82.0,93.9,3.468688416697106,0.21927242031201044,0.3120320109996304,7.151991250479851e-06,1.7929941751171086,1.316796216054006,0.36679997846100054,0.5234096303678875,66606.38842700003,0_30_0x1900_135_400k
230,277.8,113.4,37.4,99.1,123.5,280.1,428.1,452.7,492.0,3.5202200536419532,0.35910315143470933,0.08965273316601653,0.031024061757321246,1.74733626290937,1.5699654504430645,0.308243300310713,0.37445498633685176,57570.191307999805,0_400_0x1900_135_400k
231,194.2,72.0,37.4,80.1,96.8,195.0,289.9,304.1,334.7,3.562775555177687,0.2926878835097507,0.10224382066713489,0.04229274064542779,1.6888073262404841,1.5709019421491057,0.31521337264988886,0.42507735896051874,58929.76748200001,0_250_0x1900_135_400k
232,244.8,99.0,41.1,86.4,108.4,246.6,376.2,397.4,437.4,3.7478649772718615,0.18173746579816039,0.053444424859359234,0.01695313207062041,1.7056417956774585,1.5823437076615379,0.3122666832787736,0.39974781338222964,59241.25531999988,0_350_0x1900_135_400k
233,58.4,10.0,34.0,46.0,47.6,57.1,70.8,76.2,91.5,3.8926509386479893,0.06614636768087469,0.04120138577054526,1.3079005853034056e-06,1.9584623209806566,1.1443426708449023,0.35554320061139966,0.5416518075630405,67700.3283279998,0_20_0x1900_135_400k
234,105.0,29.1,37.4,58.6,65.4,105.4,144.1,151.9,167.2,3.6257536248513547,0.23402733090557917,0.12720407506275688,0.013014969180309536,1.662655921494602,1.5365884167020456,0.34318484019899753,0.45757082160435614,62829.54713599995,0_100_0x1900_135_400k
235,54.3,9.7,37.4,43.5,45.5,52.3,66.0,72.5,87.4,3.4776699593129266,0.18847787987642317,0.33385213228291954,2.852773374580615e-08,2.0545374009598656,1.0754923678394692,0.3359717752579962,0.533998455942669,68539.79154000006,0_2_0x1900_135_400k
236,68.9,14.2,37.4,48.0,51.1,68.7,86.4,91.3,102.5,3.4815509787528556,0.21046714308752815,0.30797830827471806,3.569884897871966e-06,1.713438736440968,1.4188635257554552,0.36425713080295297,0.5034406070006232,65885.10722499997,0_40_0x1900_135_400k
237,75.1,15.9,37.4,50.4,53.9,75.3,96.0,101.8,112.1,3.556512937205703,0.17952987265423095,0.26392009253377186,3.7097606295216066e-05,1.667725845462561,1.4803020462581844,0.3600254276552849,0.49194668062397,64998.1411779999,0_50_0x1900_135_400k
238,160.7,56.7,37.4,71.0,82.3,161.0,237.4,248.4,272.6,3.7332943321704106,0.257969477363471,0.007387224923881446,0.001348965542237044,1.681660505727128,1.5584351032649089,0.32422012078002005,0.4356842702279416,61440.85718700016,0_200_0x1900_135_400k
239,222.0,85.8,41.1,85.9,105.3,224.2,333.3,355.5,392.4,3.4786069642495416,0.3789419804296861,0.10812072032259423,0.03433033499817994,1.7086889839541985,1.5776531626902863,0.31160581115046676,0.4020520422050487,58760.46332399995,0_300_0x1900_135_400k
240,72.1,19.3,37.4,50.5,53.9,69.7,91.2,102.1,139.3,3.260080144634321,0.5230539496203906,0.2168658732956668,3.244962363412676e-08,1.6825953191130445,1.4497106050149648,0.35203783105054565,0.515656244821447,74254.26537900005,0_30_0x1900_135_600k
241,77.0,18.3,37.4,52.6,56.5,75.8,96.8,105.7,132.3,3.3037012960404137,0.5096321879746756,0.18666465243487304,1.8635500381186001e-06,1.6552415619982694,1.4923434446199382,0.3501356638227304,0.5022793295590624,73432.69255200005,0_40_0x1900_135_600k
242,302.2,110.3,41.1,123.6,151.8,305.5,444.3,475.2,529.5,3.553554142009361,0.35295414164463657,0.06915827774499299,0.02433343860100856,1.7669867388386218,1.5915439823257576,0.29553450780555673,0.34593477103006354,62207.555450999884,0_400_0x1900_135_600k
243,276.0,96.2,41.1,120.6,144.9,278.3,401.2,429.1,477.0,3.5774907361587296,0.33673912418390395,0.06322827474361291,0.02254186491375533,1.7551697765831495,1.5844309583196998,0.2931793355829758,0.36721992951417903,63120.86178600002,0_350_0x1900_135_600k
244,68.8,20.6,37.4,49.2,51.7,64.6,87.6,101.2,146.7,3.7937579362045697,0.1634556796696,0.0427649487543471,2.143537148238922e-05,1.7828261069729876,1.307550853270452,0.35722183941404795,0.5524012003425098,75639.67212499992,0_20_0x1900_135_600k
245,246.3,83.5,45.3,114.7,135.4,247.2,355.6,377.7,421.2,3.5221673612256468,0.38491500378910537,0.07240215155010106,0.02051548343514656,1.731985476741412,1.5842135474035832,0.2977136285187182,0.3860873473362877,62736.95072199992,0_300_0x1900_135_600k
246,67.6,24.3,37.4,47.9,50.3,61.1,90.6,106.2,167.1,3.2909620733745766,0.466828758500703,0.2422091380600974,3.006462388282712e-08,2.0251499739279124,1.0553303466438453,0.329342609564049,0.5901770698641952,76357.07147000008,0_10_0x1900_135_600k
247,168.9,58.5,37.4,75.1,88.9,170.1,245.6,263.8,297.9,3.4447059392680845,0.41337915444400813,0.10380167797747505,0.038113228310437,1.7086487582273415,1.5973407871129366,0.2950594793077228,0.39895097535199997,66568.681094,0_200_0x1900_135_600k
248,213.4,73.4,37.4,97.7,116.2,213.4,309.0,330.7,367.5,3.480004055870391,0.3726004146666899,0.04214657794424314,0.10524895151867382,1.7131088005792066,1.616903734363448,0.2879070638215225,0.3820804012358245,63837.00800799992,0_250_0x1900_135_600k
249,109.9,29.9,41.1,62.3,70.1,110.1,149.3,156.0,176.6,3.3915721317474903,0.46681223735479405,0.14126135451697297,0.0003542763807432406,1.6818072820730428,1.5451755891663888,0.32430884196973025,0.4487082867908356,69534.70928700009,0_100_0x1900_135_600k
250,68.7,34.4,34.0,44.6,46.6,59.6,96.8,118.2,210.1,3.3100400749586334,0.45296859266417483,0.23698801838775313,3.313989439314506e-06,1.9945953905140568,1.1193799432081215,0.3364040350932365,0.5496206311845842,77055.81097600007,0_2_0x1900_135_600k
251,82.7,18.7,37.4,55.2,59.3,82.0,105.1,112.9,135.0,3.3118332444723695,0.4982004418832163,0.18996423416392405,2.0794804896228466e-06,1.6561727439668095,1.518191611457698,0.34395883552919887,0.48167680904629406,72245.05994500002,0_50_0x1900_135_600k
252,188.5,73.4,37.4,73.0,87.8,190.0,286.7,300.8,330.5,3.6142489032453193,0.06293220647064392,0.1368278858597929,0.18599100442424438,1.7001065508432678,1.536824075135765,0.34421887957091457,0.4188504944500534,57793.02144100005,0_250_0x1b00_135_200k
253,62.2,12.8,37.4,45.7,47.0,59.9,80.5,85.1,91.7,3.618683959472123,0.2145793448158208,0.16640562251185925,0.0003310732002002175,1.8588614335718874,1.2221247165790148,0.40651370418228827,0.51250014566681,62956.65259199985,0_40_0x1b00_135_200k
254,245.6,102.3,37.4,83.8,105.3,247.4,381.4,400.4,438.3,3.4644223546642,0.06928268316046161,0.18816909668570916,0.27812586548963125,1.7129557398928186,1.5450722420099978,0.33639884853278057,0.4055731695644022,56547.96056700003,0_350_0x1b00_135_200k
255,52.9,6.4,34.0,44.9,45.9,51.9,62.4,65.3,72.3,3.606475153303063,0.23136314641092634,0.16215984725111252,1.853034899623469e-06,2.1379124734791635,0.988380293299187,0.32640905264177283,0.5472981805798809,63652.90464000001,0_20_0x1b00_135_200k
256,68.4,16.2,37.4,46.5,48.3,66.8,91.5,95.5,104.9,3.6807120828623914,0.1743588030946731,0.13621231091805627,0.008716803124881633,1.7614006185146627,1.3343253230265826,0.40546844036453955,0.4988056180942163,62441.24358400007,0_50_0x1b00_135_200k
257,101.0,31.3,37.4,52.2,58.2,101.2,141.7,151.6,170.4,3.4163720373444044,0.08216972907539567,0.21007804619386788,0.2913801873863297,1.6234252264954276,1.5436655709829812,0.37630568799921327,0.456603514522379,60649.08774000013,0_100_0x1b00_135_200k
258,50.2,4.8,34.0,43.2,45.3,49.3,57.2,59.6,66.0,3.60733854415653,0.24421802166907638,0.14844336595053648,6.822386218276645e-08,2.3268704962399305,0.8896479984649089,0.5620092923189421,0.22147221297621994,63806.07545699995,0_10_0x1b00_135_200k
259,216.1,87.1,41.1,77.8,96.7,217.2,332.8,353.3,382.3,3.4358038531531565,0.08516683200067605,0.20335724642703093,0.2756720684191386,1.707801222079838,1.5393571099870764,0.3411845977573288,0.4116570701757538,57631.025998000085,0_300_0x1b00_135_200k
260,270.2,116.3,37.4,87.6,111.2,270.6,426.4,447.0,485.4,3.475018758825165,0.07007229647711284,0.18316008465249584,0.27174886004522697,1.7156780867226498,1.552573558869196,0.3301186344621571,0.40162971994599517,56030.569729999996,0_400_0x1b00_135_200k
261,56.8,9.5,34.0,45.2,46.2,54.6,71.2,75.0,80.0,3.598610001114616,0.23491487368400063,0.16647234473866673,2.7804627191774473e-06,2.002816417596117,1.0887077457266703,0.37012174236036444,0.5383540943168459,63365.11713199993,0_30_0x1b00_135_200k
262,160.4,59.1,37.4,66.9,79.2,160.9,239.9,250.7,275.8,3.412993942513374,0.08151984103788777,0.21906361419981035,0.2864226022489272,1.6821243589596295,1.5328524652404671,0.35357991745574113,0.43144325834416314,58569.37881099997,0_200_0x1b00_135_200k
263,48.6,5.2,34.0,41.7,42.4,47.6,56.3,59.2,65.9,3.620996000185914,0.2297832084607587,0.1492114924196709,9.298933658818952e-06,2.118534469599811,1.0158313621029655,0.33542859335819963,0.5302055749390233,64349.83696000019,0_2_0x1b00_135_200k
264,67.0,13.2,37.4,46.8,49.7,66.6,84.7,87.9,97.3,3.4777118906352196,0.20897684910818878,0.313308010145074,3.2501115176848284e-06,1.7187622774423228,1.4188105232482322,0.36377256864292135,0.4986546306665248,71585.96226500002,0_40_0x1b00_135_400k
265,54.4,7.6,34.0,45.7,46.7,53.2,63.8,68.3,81.3,3.4325920701944965,0.2224373758223268,0.34497049233319027,6.164998310239411e-08,2.1883884234183197,0.9590155940439452,0.288799065664277,0.5637969168734566,73733.46488600003,0_10_0x1b00_135_400k
266,61.3,10.8,37.4,45.9,47.8,60.4,76.1,79.3,88.8,3.5097739679617894,0.21535882003597584,0.2748631696730179,4.042329219031399e-06,1.7974001331768918,1.315044742630057,0.3670610365149653,0.5204940876780854,72260.36142900016,0_30_0x1b00_135_400k
267,103.3,29.1,37.4,57.0,63.6,103.7,141.6,150.3,164.8,3.6140770108613425,0.23749269246397334,0.13006286071190998,0.018367435962775874,1.6621901898039513,1.5367570610173806,0.34335275372517776,0.4576999954534895,68254.54779300018,0_100_0x1b00_135_400k
268,219.7,86.6,37.4,82.9,102.5,220.6,333.5,356.9,394.7,3.4458600802853576,0.3730977527660694,0.12287838971712155,0.05816377723145276,1.6969771628318988,1.5861073787221274,0.3130176925820027,0.40389776586396997,63417.530283999775,0_300_0x1b00_135_400k
269,274.6,114.3,37.4,92.8,116.6,276.9,426.4,448.9,488.6,3.4809188970569394,0.3789719675638402,0.09618860502950573,0.04392053034971553,1.7233368176476616,1.5863626878379302,0.31138828995126394,0.3789122045631429,62450.401453,0_400_0x1b00_135_400k
270,164.7,58.5,37.4,71.9,84.5,166.1,242.3,256.3,286.1,3.4912004178635963,0.06559708260244268,0.19165283595143878,0.25154966358252395,1.6818995776339727,1.5634481078224305,0.32156351866873073,0.43308879587486787,65203.80200699995,0_200_0x1b00_135_400k
271,50.9,8.8,34.0,41.7,42.4,49.1,60.9,66.1,80.0,3.9561395017533676,0.02948679186668063,0.014363143547262225,1.056283269132773e-05,2.0583862718431574,1.0709636514968357,0.33555065134773293,0.5350994253122726,74941.03656300005,0_2_0x1b00_135_400k
272,56.7,9.4,37.4,45.3,46.5,55.5,67.9,72.7,88.6,3.936174171876015,0.03734891075282067,0.026445508773069188,3.140859809439365e-05,1.9480505607897727,1.1504432608811033,0.35815560504162536,0.5433505732874974,73691.4299690001,0_20_0x1b00_135_400k
273,73.3,15.6,37.4,48.9,52.3,73.6,94.3,98.6,106.5,3.5410462904350277,0.17723114114409116,0.28160168415499826,0.00012088426588433949,1.668497189061667,1.4866064506252643,0.3587249568690429,0.486171403444024,70592.48350799992,0_50_0x1b00_135_400k
274,253.0,101.3,41.1,91.9,114.6,254.8,386.7,407.7,447.5,3.845853689469198,0.13271534227000523,0.015479191305452732,0.00595177695533985,1.7229112601841825,1.5901313920181992,0.3059762143692816,0.3809811334283344,62341.43331000008,0_350_0x1b00_135_400k
275,191.5,72.0,34.0,77.3,93.3,193.3,287.7,302.2,333.3,3.8840885274460297,0.08688437225320775,0.020203148637802378,0.008823951662961675,1.6898997533814015,1.575807372906639,0.3138261336954197,0.4204667400165375,64380.3572729999,0_250_0x1b00_135_400k
276,270.2,96.9,37.4,114.5,139.4,272.7,397.0,425.3,475.4,3.526125347046567,0.3529388484206519,0.09140933253463587,0.029526471998148836,1.749418868786684,1.6019235915889976,0.2915892168064426,0.35706832281787465,68013.08173300006,0_350_0x1b00_135_600k
277,206.9,72.2,37.4,91.2,109.8,207.7,301.0,324.0,362.8,3.4558699726474935,0.3758103293251012,0.05687399322574983,0.11144570480165772,1.7240735509673866,1.6089925302063426,0.28737419889586663,0.37955971993040455,69108.850231,0_250_0x1b00_135_600k
278,273.5,112.4,41.1,93.1,118.5,277.3,421.2,443.6,490.2,3.508868332211277,0.4127395716142572,0.07170715885915854,0.006684937315306486,1.7494759012013643,1.594140058338138,0.2998451610721049,0.3565388793883942,70895.51625800003,0_400_0x1b00_135_600k
279,62.6,23.7,34.0,43.2,45.3,56.7,84.6,100.3,158.6,3.3088632069518207,0.46882389657046136,0.22230981348965154,3.0829880689278254e-06,2.0058233799058947,1.1131312228285488,0.33527223022480807,0.5457731670407511,84200.721151,0_2_0x1b00_135_600k
280,73.9,15.8,37.4,51.3,55.1,73.6,92.8,99.5,117.9,3.2718605708177906,0.5358327047676299,0.192305293199829,1.4312147518927026e-06,1.6601845136471578,1.4995592092134797,0.3475735707823935,0.49268270635696826,79646.70759099998,0_40_0x1b00_135_600k
281,65.0,17.8,37.4,47.5,50.3,61.9,80.9,91.5,126.3,3.2557766224015516,0.5178787612165726,0.2263424606707907,2.155711082317811e-06,1.7851476482004285,1.3081430262377194,0.3586088803851435,0.5481004451767088,82181.64042699977,0_20_0x1b00_135_600k
282,171.9,59.1,37.4,77.0,92.3,172.6,248.9,269.2,302.3,3.3625605262583727,0.4243842494903721,0.15646448602120522,0.05659073823005116,1.7084799832183277,1.6008451321383006,0.29186004010129535,0.39881484454207683,71347.07424800002,0_200_0x1b00_135_600k
283,107.6,30.0,37.4,60.8,67.9,108.0,146.7,154.0,170.4,3.4422296410062785,0.43105297704428364,0.12388957185908811,0.0028278100903523225,1.6797723764359012,1.5450112779992256,0.3260036565215337,0.44921268904333966,75251.02233699997,0_100_0x1b00_135_600k
284,69.4,15.4,37.4,50.0,52.8,67.9,86.3,94.6,120.6,3.9475809241763535,0.030642290049560646,0.021771282354835275,5.503419250683498e-06,1.684257870202599,1.4497994667313812,0.35431938296635995,0.5116232800996602,81316.66792999997,0_30_0x1b00_135_600k
285,62.4,17.8,37.4,46.5,48.5,58.2,79.5,91.6,128.8,3.9647846406030847,0.02097154198742069,0.014241368001335882,2.449408159398796e-06,2.029618265281626,1.0524967151908204,0.3299866479520866,0.5878983715754641,83679.967323,0_10_0x1b00_135_600k
286,239.0,85.1,41.1,102.3,124.4,240.9,351.7,373.1,419.1,3.6939730059130116,0.23341463056126113,0.056608259704537214,0.016004103821192738,1.7511176507228001,1.600258150371346,0.28859180864511214,0.3600323902607424,68557.01513399981,0_300_0x1b00_135_600k
287,78.6,17.3,37.4,52.2,56.5,78.3,100.2,105.6,120.8,3.294768302506213,0.5168958212207543,0.18832636892781102,9.507345221870339e-06,1.6551070668536778,1.5167347404080644,0.34513552756262733,0.4830226651756315,78275.44253599996,0_50_0x1b00_135_600k
288,266.4,116.5,41.1,82.5,105.5,268.4,423.3,442.7,482.4,3.5797657478919027,0.05396340551277724,0.2223467523996247,0.14392409419569452,1.7123212693524974,1.5523823798045104,0.33297002939746795,0.4023263214455226,61409.179765,0_400_0x1d00_135_200k
289,67.9,16.5,37.4,45.8,47.5,66.2,91.1,95.4,106.1,3.912851675168993,0.04546280841549996,0.033577575975298056,0.008107940440207843,1.7388064076071728,1.3453539039393734,0.41129220640043995,0.5045474820530126,67208.93233600003,0_50_0x1d00_135_200k
290,215.3,87.8,37.4,76.8,95.6,216.5,332.0,352.9,383.0,3.8334069854090593,0.08804570099342976,0.027660961907436436,0.05088635169007551,1.7094145390226403,1.540516665054026,0.3396176455357971,0.41045115038753766,62331.184212000226,0_300_0x1d00_135_200k
291,100.3,31.5,37.4,51.3,57.3,100.6,141.1,151.5,171.5,3.466848184247842,0.08419070935305299,0.20330622391702982,0.24565488248207998,1.6240313522801284,1.543811878621023,0.37551213760129204,0.4566446314975549,65751.60591899988,0_100_0x1d00_135_200k
292,51.6,6.2,34.0,42.8,44.5,50.4,60.2,63.9,70.7,3.6155544016317624,0.2258672136022562,0.1585763364814921,2.048284492209952e-06,2.143708338988287,0.9840157101782656,0.5498050836146765,0.3224708672187696,69198.10061199995,0_20_0x1d00_135_200k
293,244.2,102.6,41.1,82.7,103.7,245.5,381.3,400.0,437.7,3.5663377298260297,0.05397800645750216,0.2209396702447132,0.15874459347175737,1.7051449190417403,1.5488379031549688,0.33819635168380846,0.4078208261194817,60196.666721999965,0_350_0x1d00_135_200k
294,160.4,59.4,37.4,66.3,79.2,161.1,239.4,250.3,276.4,3.389939198901644,0.08770052303482387,0.2443616600148264,0.27799861804870896,1.6852446870430757,1.531174152899318,0.3524203713117246,0.43116078874588276,63279.359489000024,0_200_0x1d00_135_200k
295,55.9,9.5,34.0,43.5,45.6,53.9,70.3,73.4,79.6,3.7776022409922465,0.10514079442186869,0.11725615110549956,8.134803855778283e-07,2.0034538353845113,1.0894836393371632,0.37175670227923885,0.5353058229990892,68789.55524699988,0_30_0x1d00_135_200k
296,60.9,12.9,34.0,43.8,45.9,58.7,79.1,83.4,88.1,3.607246113854931,0.23068459748940331,0.16111536559885034,0.0009539230568122994,1.854235064442879,1.2259208151944974,0.41026960863841105,0.5095745117242124,68521.15353900005,0_40_0x1d00_135_200k
297,189.7,73.2,41.1,73.9,89.2,191.7,287.7,301.2,331.6,3.648887849914194,0.04665754966507294,0.11748463139689627,0.1869699690238406,1.7013038582942657,1.5355285362040973,0.3433811396256938,0.41978646587594265,62599.05619599993,0_250_0x1d00_135_200k
298,49.1,4.6,34.0,42.2,43.3,48.5,55.5,58.5,64.5,3.5696832139729975,0.27574738905054536,0.15456030927065262,9.087705803293363e-06,2.3213231966563166,0.8904282166155477,0.5682309609308082,0.22001762579732503,69535.00336800003,0_10_0x1d00_135_200k
299,45.7,4.9,30.9,38.9,40.4,44.3,53.1,55.7,61.7,3.654075996065169,0.21565152415276526,0.13026958968908364,2.8900929791423394e-06,2.128980799603225,1.01322123300766,0.3325600581192167,0.5252379092698966,69540.50654399989,0_2_0x1d00_135_200k
300,72.0,15.6,34.0,47.5,51.0,72.4,93.1,96.6,105.8,3.9436377444368023,0.03560823994746431,0.020692402137664018,6.161347806753769e-05,1.6686833972319373,1.4917513744328634,0.3590569078618716,0.4805083204733278,76991.95770099992,0_50_0x1d00_135_400k
301,102.7,29.4,37.4,56.1,62.3,102.9,141.2,149.9,164.8,3.9047174894398706,0.07591795431603297,0.01645758065241881,0.002906975591676148,1.660847276201126,1.533821904339234,0.34568184983763733,0.45964896962200247,74590.16480699994,0_100_0x1d00_135_400k
302,237.8,100.1,37.4,78.4,99.3,239.6,369.2,392.8,431.5,3.483589668678114,0.34047331951854426,0.12431729531291028,0.051619716490434175,1.6978910431197218,1.5840646407317993,0.31571185880225044,0.40233245734622974,69852.94293200009,0_350_0x1d00_135_400k
303,158.8,57.6,41.1,67.4,79.7,159.2,236.3,248.1,273.6,3.608297948855805,0.23826233977124392,0.11281690798028361,0.04062280339266688,1.6804994341913277,1.5633430599963005,0.3240702811608177,0.43208722465155475,71668.58975400002,0_200_0x1d00_135_400k
304,48.7,7.2,34.0,40.7,41.6,47.0,58.3,62.5,74.0,3.5490905707206877,0.2817834256220358,0.16910080329703506,2.5200360243936504e-05,2.068732456919829,1.0646121673934086,0.3336254850131242,0.5330298906736374,81207.40363200003,0_2_0x1d00_135_400k
305,54.6,9.3,30.9,43.2,45.4,53.8,65.0,69.6,79.9,3.4737170303369087,0.2275832749417583,0.29869656763879143,3.1270825417221767e-06,1.9489998938673214,1.1528542485791304,0.3583392193476246,0.5398066382059202,79471.72415000007,0_20_0x1d00_135_400k
306,269.2,114.3,37.4,88.0,112.4,271.6,421.4,441.8,483.9,3.534650765805436,0.35617846902630657,0.07559516288287749,0.03357560228537781,1.7005242644894971,1.5835603912092593,0.3162038559080169,0.39971148839322546,68960.52995099996,0_400_0x1d00_135_400k
307,52.0,6.6,34.0,43.5,45.5,51.0,59.8,64.2,75.4,3.5088846565445726,0.1919638346470457,0.2991514289716888,7.983669789809694e-08,2.196385382696373,0.9551831116745164,0.287481202700293,0.5609503029288174,80075.75139599992,0_10_0x1d00_135_400k
308,188.9,73.3,37.4,73.1,88.5,190.0,285.8,301.5,338.9,3.368786654288158,0.06370531033000028,0.34003167017548763,0.22747636520635284,1.6882654246703668,1.5766099705545034,0.3162263375802,0.41889826719493173,70285.00959200002,0_250_0x1d00_135_400k
309,218.9,87.0,34.0,79.5,99.3,220.2,333.5,356.4,394.5,3.42988507857966,0.31506948120510414,0.07301482605930562,0.1820306141559312,1.700427846948084,1.5909297795170239,0.30841233622142233,0.4002300373134706,68776.85986600013,0_300_0x1d00_135_400k
310,65.7,13.0,37.4,45.9,48.5,65.2,82.8,86.7,95.6,3.5056641263822996,0.1962097770466319,0.29811408694749075,1.2009623580266828e-05,1.717657289972124,1.4209020112484527,0.3654601274587742,0.4959805713206476,77787.5696600001,0_40_0x1d00_135_400k
311,59.6,10.4,37.4,44.4,46.5,58.9,73.4,77.7,86.3,3.5237111904307423,0.20497915596839397,0.27130956010723334,9.349363003037985e-08,1.798778299200002,1.3096809676983416,0.3679899685908371,0.5235507645108212,78478.67831000005,0_30_0x1d00_135_400k
312,244.1,83.2,41.1,110.6,131.6,246.2,354.0,375.0,417.2,3.47027546747861,0.37151977162513355,0.03507987533694478,0.12312488555930798,1.7269446463110718,1.6164682975258056,0.29087876247287753,0.3657082936902469,72597.18226200016,0_300_0x1d00_135_600k
313,158.3,56.6,37.4,68.5,80.5,158.8,234.1,247.8,274.0,3.4541921741551813,0.45031785850583744,0.08165248911375378,0.013837478225227044,1.6984685155165216,1.579440909896942,0.30703862034878165,0.4150519542377555,79066.22482000005,0_200_0x1d00_135_600k
314,76.6,16.3,37.4,51.5,55.5,76.6,96.8,103.3,115.0,3.552384276648831,0.3619664945656273,0.0850115104800538,0.0006377183054875623,1.6545700080690846,1.5204508143242463,0.34580807049147994,0.4791711071151876,84821.88329699996,0_50_0x1d00_135_600k
315,273.9,112.2,37.4,92.7,119.3,277.1,422.0,445.4,490.2,3.714507705476748,0.22244005045092088,0.044595935656167485,0.01845630841616777,1.764180726049907,1.5861400447235017,0.3001705896379559,0.3495086395886341,76403.99529299994,0_400_0x1d00_135_600k
316,62.2,13.7,34.0,46.6,49.2,59.9,77.2,84.6,110.8,3.2487863264156682,0.5252839163660238,0.22592661421304625,3.143005260729225e-06,1.7907061456734956,1.3112880497155337,0.35831732510616254,0.5396884795048102,89280.18590499995,0_20_0x1d00_135_600k
317,64.9,12.6,34.0,47.1,50.2,64.0,79.5,85.5,102.6,3.2540883789271167,0.5184242395575545,0.22748731433974134,6.717558776494627e-08,1.6862200556258995,1.4442599847004314,0.3560555468014099,0.5134644128722596,87321.97274999996,0_30_0x1d00_135_600k
318,58.8,13.7,34.0,45.6,47.1,55.9,73.8,81.8,108.6,3.2992554500933484,0.4829345435666604,0.21780795904804826,2.047291940157363e-06,2.0335786211087665,1.0493830216616078,0.3297151041955684,0.5873232530340551,90625.45330899999,0_10_0x1d00_135_600k
319,57.5,17.2,34.0,42.0,43.3,53.5,75.6,86.5,123.3,3.9569918824119217,0.026499324032029842,0.016507790398470182,1.00315757706422e-06,2.014633303131376,1.1061525315669796,0.3346461755714342,0.5445679897302123,92513.07372600035,0_2_0x1d00_135_600k
320,206.0,71.4,41.1,92.7,110.4,205.8,300.6,322.0,358.2,3.4238512137448094,0.40646393052225205,0.12527219316403587,0.04441266256890698,1.7078511505808844,1.596944586468568,0.2964601040222334,0.39874415892831366,74429.83039399979,0_250_0x1d00_135_600k
321,71.1,14.7,34.0,49.2,52.7,71.0,88.0,94.9,110.9,3.8791663746112435,0.08484250823893022,0.0359790920949766,1.2025054853300675e-05,1.6579824347046515,1.4980964069720757,0.35094830539203187,0.4929728529312409,86921.37769799997,0_40_0x1d00_135_600k
322,106.0,29.2,37.4,60.0,66.7,106.3,145.2,152.8,168.8,3.5131344866718544,0.3624294392643504,0.12070572278553178,0.0037303512782661816,1.6774052268899617,1.5431218820024948,0.3279473779563322,0.4515255131512096,81377.86203199998,0_100_0x1d00_135_600k
323,269.6,97.0,45.3,114.8,138.4,271.7,396.3,422.7,469.6,3.5208764718756385,0.3708258062170479,0.08160980988221817,0.026687912025092894,1.744193185322216,1.5808556524415747,0.3009092788088435,0.37404188342736333,72347.73215599998,0_350_0x1d00_135_600k
